# Wavelength(μm) Transmission
0.2	0.12838565182833286
0.20065	0.12948527990040276
0.2013	0.1303428012577543
0.20195	0.13144557448022015
0.20261	0.13231730441913306
0.20328	0.1332023078170541
0.20395	0.13383973290177942
0.20462	0.13472399052222442
0.2053	0.13537264701534005
0.20598	0.1360201128956478
0.20667	0.13667954556479142
0.20736	0.1373377547354227
0.20805	0.13799473623478525
0.20875	0.1384134168587185
0.20946	0.1388436441779247
0.21017	0.13927228842856293
0.21088	0.13969935630693367
0.2116	0.14013786911257342
0.21233	0.14033836903215544
0.21306	0.14078666843132084
0.21379	0.14098449642741018
0.21453	0.14119413737187794
0.21528	0.14116806932026404
0.21603	0.14138870745031956
0.21678	0.14160816015759495
0.21754	0.1415935802568471
0.21831	0.1415917818864179
0.21908	0.1415899961800467
0.21986	0.1416008125401698
0.22064	0.1416115532424824
0.22143	0.14163472081226539
0.22222	0.1416577274088527
0.22302	0.14145367549650434
0.22383	0.14150185223889725
0.22464	0.14131234812668955
0.22545	0.14136063852436556
0.22628	0.1411976133592365
0.22711	0.1410359657372585
0.22794	0.14087567837649695
0.22878	0.14072879644770944
0.22963	0.1405951525605199
0.23048	0.14046261993399806
0.23134	0.1403430974656954
0.23221	0.14023642450745114
0.23308	0.14013062806449714
0.23396	0.13981199657292503
0.23485	0.139732293907952
0.23574	0.13965323797607862
0.23664	0.13936423781127713
0.23755	0.1390895690107613
0.23846	0.1390371675795717
0.23938	0.13877791351746538
0.24031	0.13853251735179198
0.24125	0.13830078324844283
0.24219	0.1378564776738273
0.24314	0.1376414854781831
0.24409	0.13721640699551133
0.24506	0.13702877043289222
0.24603	0.13663334358683493
0.24701	0.13625314512782102
0.248	0.1358879334053755
0.249	0.13533242032938841
0.25	0.13478359515431207
0.25101	0.134252082208132
0.25203	0.1337375761956719
0.25306	0.13323977842681078
0.2541	0.13256157798844231
0.25514	0.13189231654119146
0.2562	0.13125263295863024
0.25726	0.13062128510031348
0.25833	0.12981879768918234
0.25941	0.12903798564433522
0.2605	0.12809289056565878
0.2616	0.127355932687704
0.26271	0.12645769638781523
0.26383	0.12540383045326006
0.26496	0.12455442371579846
0.26609	0.12354275465383752
0.26724	0.12256700959268027
0.2684	0.12161678078446075
0.26957	0.12052280157413361
0.27074	0.11944799131265185
0.27193	0.11841047374627013
0.27313	0.11740009951787511
0.27434	0.11625633301102303
0.27556	0.11530027415549976
0.27679	0.11421369560033405
0.27803	0.11315570425324187
0.27928	0.11197431105932457
0.28054	0.11097333279170547
0.28182	0.11000736582987874
0.28311	0.10892182721861993
0.2844	0.10799976930522874
0.28571	0.10696924995894015
0.28704	0.1061136857364732
0.28837	0.1051352272390241
0.28972	0.10419091741854822
0.29108	0.10340562511399881
0.29245	0.10250923562465543
0.29384	0.10177517672082545
0.29524	0.10093209601702953
0.29665	0.1002389310260903
0.29808	0.09944657644163715
0.29952	0.09879986798659372
0.30097	0.09817106442536616
0.30244	0.0975672503611923
0.30392	0.09698038304872614
0.30542	0.096417450851325
0.30693	0.09587056483749323
0.30846	0.09534661936345915
0.31	0.0949532760313416
0.31156	0.09446536484426873
0.31313	0.0939918827038954
0.31472	0.09365166138672226
0.31633	0.09321890643595562
0.31795	0.09290953926382904
0.31959	0.09261811002807305
0.32124	0.09222910538169066
0.32292	0.09197337175057035
0.32461	0.09162126629879097
0.32632	0.0913930516671328
0.32804	0.09106971289101186
0.32979	0.09087450675737874
0.33155	0.09058527955932998
0.33333	0.09041524255889433
0.33514	0.0901652766135313
0.33696	0.0899251044468477
0.3388	0.08980077829575481
0.34066	0.08959146067273367
0.34254	0.08939749998555738
0.34444	0.08921858920359756
0.34637	0.0890606485340388
0.34831	0.08891091084675928
0.35028	0.08878149226796359
0.35227	0.08866590306849065
0.35429	0.0885699393118636
0.35632	0.08848118736227206
0.35838	0.08841148088070426
0.36047	0.08836046751936832
0.36257	0.08831598255219608
0.36471	0.08829553489336664
0.36686	0.08837193704538553
0.36905	0.08838043919737079
0.37126	0.0884902048039088
0.37349	0.08861030463890233
0.37576	0.08866302182380331
0.37805	0.08881502824628572
0.38037	0.08898243885597058
0.38272	0.089165024263535
0.38509	0.08944447747500471
0.3875	0.08965643721581906
0.38994	0.08988292976371788
0.39241	0.09021037218236885
0.3949	0.09045950487809941
0.39744	0.09081968942579721
0.4	0.09118762518845328
0.4026	0.09148838451130208
0.40523	0.09188793214059722
0.40789	0.09230021328646335
0.4106	0.09273581945634429
0.41333	0.09317842881471272
0.41611	0.09364394855096808
0.41892	0.09412149720113934
0.42177	0.09444723597213497
0.42466	0.09521242975486247
0.42759	0.09582527649484684
0.43056	0.09645460214185425
0.43357	0.09710024379489864
0.43662	0.09784648749595418
0.43972	0.09861396942436784
0.44286	0.09948197509105944
0.44604	0.10028113645212083
0.44928	0.10119108253619913
0.45255	0.10219662127151953
0.45588	0.10322836163115445
0.45926	0.10428099389419015
0.46269	0.10535436521165671
0.46617	0.10644832007965535
0.4697	0.10756270023834438
0.47328	0.10878396192972929
0.47692	0.10994404962861096
0.48062	0.11121633633909711
0.48438	0.11242648259269539
0.48819	0.1136561633091357
0.49206	0.11491025273549592
0.496	0.11619358109905475
0.5	0.11758949562192685
0.50407	0.11892582610133111
0.5082	0.12037491197686152
0.5124	0.12185290584122961
0.51667	0.12344959042915549
0.52101	0.1251659767530951
0.52542	0.1270032735658829
0.52991	0.12905964864916247
0.53448	0.13124634561199014
0.53913	0.13365875385795162
0.54386	0.13630187072369945
0.54867	0.1391814504461136
0.55357	0.14240595897266262
0.55856	0.1459871391418573
0.56364	0.14983825901501538
0.56881	0.154173188688508
0.57407	0.15891059575666094
0.57944	0.16407977464592272
0.58491	0.16969675766542755
0.59048	0.17578467199534728
0.59615	0.1824841080045153
0.60194	0.18972436154432573
0.60784	0.19740834865534013
0.61386	0.20581532906782987
0.62	0.21473147535673376
0.62626	0.22431656097610572
0.63265	0.234476173990835
0.63918	0.24524350376388546
0.64583	0.2564869691227294
0.65263	0.2683919269154339
0.65957	0.28082295084018816
0.66667	0.29380528716979837
0.67391	0.3071704844998681
0.68132	0.32093112770608434
0.68889	0.33526069838742867
0.69663	0.34960875150509074
0.70455	0.3641343479249577
0.71264	0.3790080889484103
0.72093	0.3936188189132196
0.72941	0.4083255521258566
0.7381	0.42268018624181836
0.74699	0.43706399604058815
0.7561	0.4507862141676231
0.76543	0.46424201249285907
0.775	0.47694127323418933
0.78481	0.48906707288002393
0.79487	0.5005865135566323
0.80519	0.5112315474808478
0.81579	0.5214593027227666
0.82667	0.5307661595001383
0.83784	0.5391348462550218
0.84932	0.5470446513282704
0.86111	0.554486866277696
0.87324	0.5612240103101911
0.88571	0.5677367323927839
0.89855	0.5737905868610134
0.91176	0.5798639824838319
0.92537	0.5861996455779879
0.93939	0.5925532651999287
0.95385	0.5994011626080912
0.96875	0.6067300439596592
0.98413	0.615010218109698
1	0.6242284336485697
1.0164	0.6343817411827812
1.0333	0.6459193832763777
1.0508	0.6586233809442049
1.069	0.6725088877718277
1.0877	0.6875168548811077
1.1071	0.7036895714829714
1.1273	0.7210388317596453
1.1481	0.7390273389896919
1.1698	0.7576950909862379
1.1923	0.7769975085464871
1.2157	0.796183938945118
1.24	0.81521380381025
1.2653	0.8340606683191147
1.2917	0.8524458948683225
1.3191	0.8698212348693184
1.3478	0.8864288960541645
1.4419	0.9294082035042113
1.4762	0.9415107188380408
1.5122	0.9523118200721634
1.55	0.9615983488377448
1.5897	0.9701013796510864
1.6316	0.9771592813902809
1.6757	0.983268406417871
1.7222	0.9882489411573704
1.7714	0.9923677189282241
1.8235	0.99546203901327
1.8788	0.9975950333554997
1.9375	0.9990275927889828
2	0.999623079933792