# Wavelength(μm) Extinction_cofficient
0.29	3.94644
0.291	3.95403
0.292	3.96155
0.293	3.96899
0.294	3.97637
0.295	3.98366
0.296	3.99088
0.297	3.99803
0.298	4.0051
0.299	4.01209
0.3	4.019
0.301	4.02583
0.302	4.03258
0.303	4.03925
0.304	4.04584
0.305	4.05235
0.306	4.05878
0.307	4.06512
0.308	4.07138
0.309	4.07756
0.31	4.08365
0.311	4.08965
0.312	4.09557
0.313	4.1014
0.314	4.10715
0.315	4.11281
0.316	4.11838
0.317	4.12386
0.318	4.12926
0.319	4.13457
0.32	4.13979
0.321	4.14492
0.322	4.14996
0.323	4.15492
0.324	4.15978
0.325	4.16456
0.326	4.16924
0.327	4.17384
0.328	4.17835
0.329	4.18277
0.33	4.1871
0.331	4.19134
0.332	4.19549
0.333	4.19955
0.334	4.20353
0.335	4.20742
0.336	4.21121
0.337	4.21493
0.338	4.21855
0.339	4.22209
0.34	4.22554
0.341	4.2289
0.342	4.23218
0.343	4.23538
0.344	4.23849
0.345	4.24151
0.346	4.24446
0.347	4.24732
0.348	4.25009
0.349	4.25279
0.35	4.2554
0.351	4.25794
0.352	4.26039
0.353	4.26277
0.354	4.26507
0.355	4.26729
0.356	4.26944
0.357	4.27151
0.358	4.27351
0.359	4.27543
0.36	4.27728
0.361	4.27906
0.362	4.28076
0.363	4.2824
0.364	4.28397
0.365	4.28547
0.366	4.28691
0.367	4.28827
0.368	4.28958
0.369	4.29082
0.37	4.29199
0.371	4.29311
0.372	4.29416
0.373	4.29516
0.374	4.2961
0.375	4.29698
0.376	4.2978
0.377	4.29857
0.378	4.29928
0.379	4.29994
0.38	4.30055
0.381	4.30111
0.382	4.30162
0.383	4.30208
0.384	4.30249
0.385	4.30286
0.386	4.30318
0.387	4.30346
0.388	4.30369
0.389	4.30388
0.39	4.30403
0.391	4.30414
0.392	4.30421
0.393	4.30424
0.394	4.30423
0.395	4.30419
0.396	4.30412
0.397	4.304
0.398	4.30386
0.399	4.30368
0.4	4.30347
0.401	4.30323
0.402	4.30296
0.403	4.30266
0.404	4.30233
0.405	4.30197
0.406	4.30159
0.407	4.30118
0.408	4.30074
0.409	4.30028
0.41	4.2998
0.411	4.29929
0.412	4.29876
0.413	4.29821
0.414	4.29763
0.415	4.29703
0.416	4.29641
0.417	4.29578
0.418	4.29512
0.419	4.29444
0.42	4.29374
0.421	4.29302
0.422	4.29229
0.423	4.29154
0.424	4.29076
0.425	4.28998
0.426	4.28917
0.427	4.28835
0.428	4.2875
0.429	4.28665
0.43	4.28577
0.431	4.28488
0.432	4.28397
0.433	4.28305
0.434	4.2821
0.435	4.28114
0.436	4.28017
0.437	4.27917
0.438	4.27816
0.439	4.27714
0.44	4.27609
0.441	4.27503
0.442	4.27395
0.443	4.27285
0.444	4.27173
0.445	4.2706
0.446	4.26945
0.447	4.26827
0.448	4.26708
0.449	4.26587
0.45	4.26463
0.451	4.26338
0.452	4.2621
0.453	4.26081
0.454	4.25949
0.455	4.25815
0.456	4.25678
0.457	4.25539
0.458	4.25398
0.459	4.25254
0.46	4.25108
0.461	4.24959
0.462	4.24808
0.463	4.24654
0.464	4.24497
0.465	4.24337
0.466	4.24174
0.467	4.24009
0.468	4.2384
0.469	4.23668
0.47	4.23493
0.471	4.23315
0.472	4.23134
0.473	4.22949
0.474	4.22761
0.475	4.22569
0.476	4.22374
0.477	4.22175
0.478	4.21972
0.479	4.21766
0.48	4.21555
0.481	4.21341
0.482	4.21123
0.483	4.209
0.484	4.20674
0.485	4.20443
0.486	4.20208
0.487	4.19969
0.488	4.19725
0.489	4.19477
0.49	4.19224
0.491	4.18966
0.492	4.18704
0.493	4.18437
0.494	4.18165
0.495	4.17889
0.496	4.17607
0.497	4.17321
0.498	4.17029
0.499	4.16732
0.5	4.1643
0.501	4.16123
0.502	4.1581
0.503	4.15492
0.504	4.15169
0.505	4.1484
0.506	4.14506
0.507	4.14166
0.508	4.13821
0.509	4.1347
0.51	4.13113
0.511	4.12751
0.512	4.12383
0.513	4.12009
0.514	4.11629
0.515	4.11243
0.516	4.10851
0.517	4.10454
0.518	4.1005
0.519	4.09641
0.52	4.09225
0.521	4.08804
0.522	4.08376
0.523	4.07943
0.524	4.07503
0.525	4.07057
0.526	4.06605
0.527	4.06147
0.528	4.05683
0.529	4.05213
0.53	4.04736
0.531	4.04254
0.532	4.03765
0.533	4.0327
0.534	4.02769
0.535	4.02262
0.536	4.01749
0.537	4.01229
0.538	4.00704
0.539	4.00173
0.54	3.99635
0.541	3.99092
0.542	3.98542
0.543	3.97987
0.544	3.97425
0.545	3.96858
0.546	3.96284
0.547	3.95705
0.548	3.9512
0.549	3.9453
0.55	3.93933
0.551	3.93331
0.552	3.92723
0.553	3.92109
0.554	3.9149
0.555	3.90865
0.556	3.90235
0.557	3.89599
0.558	3.88958
0.559	3.88311
0.56	3.87659
0.561	3.87002
0.562	3.8634
0.563	3.85673
0.564	3.85
0.565	3.84323
0.566	3.8364
0.567	3.82953
0.568	3.82261
0.569	3.81564
0.57	3.80862
0.571	3.80156
0.572	3.79445
0.573	3.78729
0.574	3.7801
0.575	3.77286
0.576	3.76557
0.577	3.75824
0.578	3.75088
0.579	3.74347
0.58	3.73602
0.581	3.72853
0.582	3.721
0.583	3.71344
0.584	3.70584
0.585	3.6982
0.586	3.69053
0.587	3.68282
0.588	3.67508
0.589	3.6673
0.59	3.6595
0.591	3.65166
0.592	3.64379
0.593	3.63589
0.594	3.62796
0.595	3.62001
0.596	3.61202
0.597	3.60401
0.598	3.59598
0.599	3.58791
0.6	3.57983
0.601	3.57172
0.602	3.56358
0.603	3.55543
0.604	3.54725
0.605	3.53905
0.606	3.53084
0.607	3.5226
0.608	3.51435
0.609	3.50608
0.61	3.49779
0.611	3.48948
0.612	3.48117
0.613	3.47283
0.614	3.46448
0.615	3.45612
0.616	3.44775
0.617	3.43937
0.618	3.43097
0.619	3.42257
0.62	3.41415
0.621	3.40573
0.622	3.3973
0.623	3.38886
0.624	3.38042
0.625	3.37196
0.626	3.36351
0.627	3.35505
0.628	3.34658
0.629	3.33811
0.63	3.32964
0.631	3.32117
0.632	3.3127
0.633	3.30422
0.634	3.29575
0.635	3.28727
0.636	3.2788
0.637	3.27033
0.638	3.26186
0.639	3.25339
0.64	3.24493
0.641	3.23647
0.642	3.22801
0.643	3.21956
0.644	3.21112
0.645	3.20268
0.646	3.19425
0.647	3.18582
0.648	3.1774
0.649	3.16899
0.65	3.16059
0.651	3.1522
0.652	3.14382
0.653	3.13544
0.654	3.12708
0.655	3.11873
0.656	3.11039
0.657	3.10206
0.658	3.09374
0.659	3.08543
0.66	3.07714
0.661	3.06886
0.662	3.0606
0.663	3.05235
0.664	3.04411
0.665	3.03589
0.666	3.02768
0.667	3.01949
0.668	3.01131
0.669	3.00315
0.67	2.99501
0.671	2.98688
0.672	2.97877
0.673	2.97068
0.674	2.9626
0.675	2.95454
0.676	2.9465
0.677	2.93848
0.678	2.93048
0.679	2.9225
0.68	2.91453
0.681	2.90659
0.682	2.89866
0.683	2.89076
0.684	2.88287
0.685	2.87501
0.686	2.86716
0.687	2.85934
0.688	2.85153
0.689	2.84375
0.69	2.83599
0.691	2.82825
0.692	2.82053
0.693	2.81284
0.694	2.80516
0.695	2.79751
0.696	2.78988
0.697	2.78228
0.698	2.77469
0.699	2.76713
0.7	2.75959
0.701	2.75207
0.702	2.74458
0.703	2.73711
0.704	2.72966
0.705	2.72224
0.706	2.71484
0.707	2.70746
0.708	2.70011
0.709	2.69278
0.71	2.68548
0.711	2.6782
0.712	2.67094
0.713	2.66371
0.714	2.6565
0.715	2.64931
0.716	2.64215
0.717	2.63502
0.718	2.6279
0.719	2.62082
0.72	2.61375
0.721	2.60672
0.722	2.5997
0.723	2.59271
0.724	2.58575
0.725	2.57881
0.726	2.57189
0.727	2.565
0.728	2.55813
0.729	2.55129
0.73	2.54447
0.731	2.53768
0.732	2.53091
0.733	2.52417
0.734	2.51745
0.735	2.51076
0.736	2.50409
0.737	2.49744
0.738	2.49082
0.739	2.48423
0.74	2.47766
0.741	2.47111
0.742	2.46459
0.743	2.45809
0.744	2.45162
0.745	2.44517
0.746	2.43875
0.747	2.43235
0.748	2.42598
0.749	2.41963
0.75	2.4133
0.751	2.407
0.752	2.40072
0.753	2.39447
0.754	2.38824
0.755	2.38204
0.756	2.37586
0.757	2.3697
0.758	2.36357
0.759	2.35746
0.76	2.35137
0.761	2.34531
0.762	2.33928
0.763	2.33326
0.764	2.32727
0.765	2.32131
0.766	2.31536
0.767	2.30944
0.768	2.30355
0.769	2.29768
0.77	2.29183
0.771	2.286
0.772	2.2802
0.773	2.27442
0.774	2.26866
0.775	2.26293
0.776	2.25722
0.777	2.25153
0.778	2.24586
0.779	2.24022
0.78	2.2346
0.781	2.229
0.782	2.22343
0.783	2.21788
0.784	2.21235
0.785	2.20684
0.786	2.20135
0.787	2.19589
0.788	2.19045
0.789	2.18503
0.79	2.17963
0.791	2.17425
0.792	2.1689
0.793	2.16356
0.794	2.15825
0.795	2.15296
0.796	2.14769
0.797	2.14244
0.798	2.13722
0.799	2.13201
0.8	2.12683
0.801	2.12166
0.802	2.11652
0.803	2.1114
0.804	2.1063
0.805	2.10122
0.806	2.09616
0.807	2.09112
0.808	2.0861
0.809	2.0811
0.81	2.07612
0.811	2.07116
0.812	2.06623
0.813	2.06131
0.814	2.05641
0.815	2.05153
0.816	2.04667
0.817	2.04183
0.818	2.03701
0.819	2.03221
0.82	2.02743
0.821	2.02266
0.822	2.01792
0.823	2.0132
0.824	2.00849
0.825	2.00381
0.826	1.99914
0.827	1.99449
0.828	1.98986
0.829	1.98525
0.83	1.98066
0.831	1.97608
0.832	1.97153
0.833	1.96699
0.834	1.96247
0.835	1.95797
0.836	1.95348
0.837	1.94902
0.838	1.94457
0.839	1.94014
0.84	1.93573
0.841	1.93133
0.842	1.92695
0.843	1.92259
0.844	1.91825
0.845	1.91393
0.846	1.90962
0.847	1.90533
0.848	1.90105
0.849	1.8968
0.85	1.89256
0.851	1.88833
0.852	1.88412
0.853	1.87993
0.854	1.87576
0.855	1.8716
0.856	1.86746
0.857	1.86334
0.858	1.85923
0.859	1.85514
0.86	1.85106
0.861	1.847
0.862	1.84296
0.863	1.83893
0.864	1.83491
0.865	1.83092
0.866	1.82694
0.867	1.82297
0.868	1.81902
0.869	1.81508
0.87	1.81116
0.871	1.80726
0.872	1.80337
0.873	1.79949
0.874	1.79563
0.875	1.79179
0.876	1.78796
0.877	1.78414
0.878	1.78034
0.879	1.77656
0.88	1.77279
0.881	1.76903
0.882	1.76529
0.883	1.76156
0.884	1.75785
0.885	1.75415
0.886	1.75046
0.887	1.74679
0.888	1.74313
0.889	1.73949
0.89	1.73586
0.891	1.73224
0.892	1.72864
0.893	1.72505
0.894	1.72148
0.895	1.71791
0.896	1.71437
0.897	1.71083
0.898	1.70731
0.899	1.7038
0.9	1.70031
0.901	1.69683
0.902	1.69336
0.903	1.6899
0.904	1.68646
0.905	1.68303
0.906	1.67961
0.907	1.67621
0.908	1.67281
0.909	1.66943
0.91	1.66607
0.911	1.66271
0.912	1.65937
0.913	1.65604
0.914	1.65272
0.915	1.64942
0.916	1.64612
0.917	1.64284
0.918	1.63957
0.919	1.63632
0.92	1.63307
0.921	1.62984
0.922	1.62662
0.923	1.62341
0.924	1.62021
0.925	1.61702
0.926	1.61385
0.927	1.61068
0.928	1.60753
0.929	1.60439
0.93	1.60126
0.931	1.59815
0.932	1.59504
0.933	1.59194
0.934	1.58886
0.935	1.58579
0.936	1.58272
0.937	1.57967
0.938	1.57663
0.939	1.5736
0.94	1.57058
0.941	1.56757
0.942	1.56458
0.943	1.56159
0.944	1.55861
0.945	1.55565
0.946	1.55269
0.947	1.54975
0.948	1.54681
0.949	1.54389
0.95	1.54097
0.951	1.53807
0.952	1.53518
0.953	1.53229
0.954	1.52942
0.955	1.52656
0.956	1.5237
0.957	1.52086
0.958	1.51802
0.959	1.5152
0.96	1.51239
0.961	1.50958
0.962	1.50679
0.963	1.504
0.964	1.50123
0.965	1.49846
0.966	1.4957
0.967	1.49296
0.968	1.49022
0.969	1.48749
0.97	1.48477
0.971	1.48206
0.972	1.47936
0.973	1.47667
0.974	1.47398
0.975	1.47131
0.976	1.46865
0.977	1.46599
0.978	1.46335
0.979	1.46071
0.98	1.45808
0.981	1.45546
0.982	1.45285
0.983	1.45025
0.984	1.44765
0.985	1.44507
0.986	1.44249
0.987	1.43992
0.988	1.43736
0.989	1.43481
0.99	1.43227
0.991	1.42974
0.992	1.42721
0.993	1.42469
0.994	1.42218
0.995	1.41968
0.996	1.41719
0.997	1.41471
0.998	1.41223
0.999	1.40976
1	1.4073
1.005	1.39512
1.01	1.38313
1.015	1.37133
1.02	1.35972
1.025	1.3483
1.03	1.33705
1.035	1.32597
1.04	1.31506
1.045	1.30432
1.05	1.29375
1.055	1.28333
1.06	1.27306
1.065	1.26295
1.07	1.25298
1.075	1.24316
1.08	1.23348
1.085	1.22395
1.09	1.21454
1.095	1.20527
1.405	0.80634
1.41	0.80183
1.415	0.79736
1.42	0.79293
1.425	0.78854
1.43	0.78419
1.435	0.77988
1.44	0.77561
1.445	0.77138
1.45	0.76718
1.455	0.76302
1.46	0.7589
1.465	0.75481
1.47	0.75076
1.475	0.74674
1.48	0.74276
1.485	0.73881
1.49	0.73489
1.495	0.73101
1.5	0.72716
1.505	0.72334
1.51	0.71955
1.515	0.71579
1.52	0.71207
1.525	0.70837
1.53	0.7047
1.535	0.70107
1.54	0.69746
1.545	0.69388
1.55	0.69033
1.555	0.68681
1.56	0.68331
1.565	0.67984
1.57	0.6764
1.575	0.67299
1.58	0.6696
1.585	0.66623
1.59	0.6629
1.595	0.65958
1.6	0.6563
1.605	0.65303
1.61	0.64979
1.615	0.64658
1.62	0.64339
1.625	0.64022
1.63	0.63707
1.635	0.63395
1.64	0.63085
1.645	0.62777
1.65	0.62472
1.655	0.62168
1.66	0.61867
1.665	0.61568
1.67	0.61271
1.675	0.60976
1.68	0.60683
1.685	0.60392
1.69	0.60103
1.695	0.59816
1.7	0.59531
1.705	0.59248
1.71	0.58967
1.715	0.58687
1.72	0.5841
1.725	0.58134
1.73	0.5786
1.735	0.57588
1.74	0.57318
1.745	0.5705
1.75	0.56783
1.755	0.56518
1.76	0.56255
1.765	0.55993
1.77	0.55733
1.775	0.55475
1.78	0.55218
1.785	0.54963
1.79	0.5471
1.795	0.54458
1.8	0.54208
1.805	0.53959
1.81	0.53712
1.815	0.53466
1.82	0.53222
1.825	0.52979
1.83	0.52738
1.835	0.52498
1.84	0.5226
1.845	0.52023
1.85	0.51787
1.855	0.51553
1.86	0.5132
1.865	0.51089
1.87	0.50859
1.875	0.5063
1.88	0.50403
1.885	0.50177
1.89	0.49952
1.895	0.49729
1.9	0.49506
1.905	0.49286
1.91	0.49066
1.915	0.48847
1.92	0.4863
1.925	0.48414
1.93	0.48199
1.935	0.47986
1.94	0.47773
1.945	0.47562
1.95	0.47352
1.955	0.47143
1.96	0.46935
1.965	0.46728
1.97	0.46523
1.975	0.46318
1.98	0.46115
1.985	0.45913
1.99	0.45711
1.995	0.45511
2	0.45312
2.01	0.44917
2.02	0.44526
2.03	0.44139
2.04	0.43756
2.05	0.43377
2.06	0.43002
2.07	0.4263
2.08	0.42263
2.09	0.41898
2.1	0.41538
2.11	0.41181
2.12	0.40827
2.13	0.40477
2.14	0.4013
2.15	0.39787
2.16	0.39446
2.17	0.39109
2.18	0.38775
2.19	0.38444
2.2	0.38116
2.21	0.37791
2.22	0.37469
2.23	0.3715
2.24	0.36834
2.25	0.36521
2.26	0.3621
2.27	0.35902
2.28	0.35597
2.29	0.35294
2.3	0.34994
2.31	0.34697
2.32	0.34402
2.33	0.34109
2.34	0.33819
2.35	0.33532
2.36	0.33247
2.37	0.32964
2.38	0.32684
2.39	0.32405
2.4	0.3213
2.41	0.31856
2.42	0.31584
2.43	0.31315
2.44	0.31048
2.45	0.30783
2.46	0.3052
2.47	0.30259
2.48	0.3
2.49	0.29743
2.5	0.29488
2.51	0.29235
2.52	0.28984
2.53	0.28735
2.54	0.28488
2.55	0.28242
2.56	0.27999
2.57	0.27757
2.58	0.27517
2.59	0.27279
2.6	0.27042
2.61	0.26807
2.62	0.26574
2.63	0.26343
2.64	0.26113
2.65	0.25885
2.66	0.25658
2.67	0.25433
2.68	0.2521
2.69	0.24988
2.7	0.24768
2.71	0.24549
2.72	0.24332
2.73	0.24117
2.74	0.23902
2.75	0.2369
2.76	0.23478
2.77	0.23268
2.78	0.2306
2.79	0.22853
2.8	0.22647
2.81	0.22443
2.82	0.2224
2.83	0.22038
2.84	0.21838
2.85	0.21639
2.86	0.21441
2.87	0.21245
2.88	0.21049
2.89	0.20856
2.9	0.20663
2.91	0.20471
2.92	0.20281
2.93	0.20092
2.94	0.19904
2.95	0.19718
2.96	0.19532
2.97	0.19348
2.98	0.19165
2.99	0.18983
3	0.18802
3.01	0.18622
3.02	0.18443
3.03	0.18265
3.04	0.18089
3.05	0.17913
3.06	0.17739
3.07	0.17566
3.08	0.17393
3.09	0.17222
3.1	0.17052
3.11	0.16882
3.12	0.16714
3.13	0.16547
3.14	0.16381
3.15	0.16215
3.16	0.16051
3.17	0.15887
3.18	0.15725
3.19	0.15563
3.2	0.15403
3.21	0.15243
3.22	0.15084
3.23	0.14927
3.24	0.1477
3.25	0.14614
3.26	0.14459
3.27	0.14304
3.28	0.14151
3.29	0.13998
3.3	0.13847