# Wavemumber(μm) Transmission
0.2	3.24748977646993e-11
0.201	6.191615802222017e-11
0.202	1.1852891498459808e-10
0.203	2.2736434091785416e-10
0.204	4.3496271843729414e-10
0.205	8.252418246135132e-10
0.206	1.533387380522469e-9
0.207	2.756873690438143e-9
0.208	4.7543848954456744e-9
0.209	7.810988069089143e-9
0.21	1.2186794287641974e-8
0.211	1.805732269011505e-8
0.212	2.545831926953772e-8
0.213	3.431349382724749e-8
0.214	4.447102547106636e-8
0.215	5.585363649256588e-8
0.216	6.847123616600792e-8
0.217	8.243424625169174e-8
0.218	9.798534332747724e-8
0.219	1.1554152449368406e-7
0.22	1.3560483833913656e-7
0.221	1.588493439143417e-7
0.222	1.8593949823889192e-7
0.223	2.1748946849338785e-7
0.224	2.5403705645159623e-7
0.225	2.958537793462203e-7
0.226	3.4279101158954915e-7
0.227	3.942954368041837e-7
0.228	4.489058202596372e-7
0.229	5.051507486285171e-7
0.23	5.60707047028435e-7
0.231	6.129450484235259e-7
0.232	6.587436664079947e-7
0.233	6.95570481334308e-7
0.234	7.205226257564598e-7
0.235	7.319196403748392e-7
0.236	7.285073031058521e-7
0.237	7.102230858139641e-7
0.238	6.783590032465253e-7
0.239	6.346836683486924e-7
0.24	5.818352953741038e-7
0.241	5.227548137273632e-7
0.242	4.6061712034126014e-7
0.243	3.9821755223016547e-7
0.244	3.38071833374024e-7
0.245	2.819626492237488e-7
0.246	2.3131609627029325e-7
0.247	1.8684969456750208e-7
0.248	1.4881980302405767e-7
0.249	1.1710450536548963e-7
0.25	9.119954137481695e-8
0.251	7.050001318762981e-8
0.252	5.4230189706448646e-8
0.253	4.1619375723846346e-8
0.254	3.1957111877408394e-8
0.255	2.462286407856021e-8
0.256	1.907783713741891e-8
0.257	1.4895165956160915e-8
0.258	1.1738430631230674e-8
0.259	9.349024943097016e-9
0.26	7.53586138438354e-9
0.261	6.153918461408929e-9
0.262	5.093403339939619e-9
0.263	4.276124357994272e-9
0.264	3.6429757952571057e-9
0.265	3.1500587837273405e-9
0.266	2.765736690985007e-9
0.267	2.465234927839769e-9
0.268	2.23168085153466e-9
0.269	2.051048777287037e-9
0.27	1.9138058057481483e-9
0.271	1.8130319552662711e-9
0.272	1.7428724716861012e-9
0.273	1.7004679118816275e-9
0.274	1.6829998123422468e-9
0.275	1.6891387761015728e-9
0.276	1.7188829467635705e-9
0.277	1.7732174735533302e-9
0.278	1.8531595419785722e-9
0.279	1.9617250331783224e-9
0.28	2.102811205625606e-9
0.281	2.2813180555181396e-9
0.282	2.5046049300431508e-9
0.283	2.7813228534625435e-9
0.284	3.1225991940884567e-9
0.285	3.5426685904932162e-9
0.286	4.059699386939629e-9
0.287	4.696871782398324e-9
0.288	5.480911314008283e-9
0.289	6.450410809212734e-9
0.29	7.648881739202954e-9
0.291	9.133256724762602e-9
0.292	1.0977160467565007e-8
0.293	1.3272062845858107e-8
0.294	1.6138764905675467e-8
0.295	1.9722608524175174e-8
0.296	2.4221369392012887e-8
0.297	2.9881657828563456e-8
0.298	3.701201473503589e-8
0.299	4.6025172900882536e-8
0.3	5.74284835323343e-8
0.301	7.189914773333064e-8
0.302	9.028705626893903e-8
0.303	1.1369664009195826e-7
0.304	1.4355102635611134e-7
0.305	1.816249912169018e-7
0.306	2.303127367921717e-7
0.307	2.9246123176618744e-7
0.308	3.718953348170947e-7
0.309	4.7316885537521614e-7
0.31	6.020616392068073e-7
0.311	7.657452032614094e-7
0.312	9.727428355675492e-7
0.313	0.000001233610526272896
0.314	0.0000015608216582293576
0.315	0.000001969046863889813
0.316	0.0000024760550236349045
0.317	0.0000031022203431995257
0.318	0.0000038708128735778525
0.319	0.000004807954683547283
0.32	0.0000059433218847747765
0.321	0.000007309578744662603
0.322	0.000008939207688505444
0.323	0.000010871065250018411
0.324	0.000013143146655364918
0.325	0.000015788308529724154
0.326	0.000018845451149735097
0.327	0.00002234621685398993
0.328	0.00002631204676431378
0.329	0.00003076707368359526
0.33	0.00003572399181875977
0.331	0.00004116611739625165
0.332	0.00004710348018167249
0.333	0.00005349709575882782
0.334	0.00006033880175510255
0.335	0.0000675895234607496
0.336	0.00007524278065709181
0.337	0.00008324862130274383
0.338	0.00009160055260380059
0.339	0.00010030133434764328
0.34	0.00010931650688665801
0.341	0.00011864381622257164
0.342	0.00012828983582268886
0.343	0.00013825108907056062
0.344	0.0001485298657740981
0.345	0.00015913512777634555
0.346	0.0001700833869614231
0.347	0.00018139957227920368
0.348	0.00019314580503878708
0.349	0.0002053124071122118
0.35	0.00021795001813295465
0.351	0.00023112122952214468
0.352	0.00024490177241690946
0.353	0.00025934497024250364
0.354	0.000274512083522439
0.355	0.00029051431215970614
0.356	0.00030739491806809757
0.357	0.0003252908604889468
0.358	0.0003443615360704463
0.359	0.00036468979265740333
0.36	0.0003864186065454402
0.361	0.0004097099396223232
0.362	0.00043474737464334237
0.363	0.00046173919903193104
0.364	0.0004907864547439214
0.365	0.0005222053190575913
0.366	0.0005560577682629914
0.367	0.0005926321626609587
0.368	0.0006321702496458041
0.369	0.0006748451696240205
0.37	0.0007209296414292137
0.371	0.0007706174722620244
0.372	0.0008244367511259828
0.373	0.0008824087059731235
0.374	0.0009450025667056652
0.375	0.0010126163808078968
0.376	0.001085684608382194
0.377	0.001164526342110467
0.378	0.0012496269222225201
0.379	0.0013415145333002326
0.38	0.0014407641417084644
0.381	0.0015480018074778142
0.382	0.0016636904761540717
0.383	0.0017887602285082205
0.384	0.0019235131941273912
0.385	0.0020692575921939225
0.386	0.0022266521077057757
0.387	0.002396355663051892
0.388	0.0025796873304086178
0.389	0.0027777864276980905
0.39	0.002991119591177804
0.391	0.0032216880515042786
0.392	0.0034704949071403457
0.393	0.003739014144210344
0.394	0.004028327120469357
0.395	0.00434004530767283
0.396	0.004675905149176349
0.397	0.005037777757638917
0.398	0.0054256232859556585
0.399	0.005835272161051189
0.4	0.006258606019528343
0.401	0.006680931879941891
0.402	0.007092096455193417
0.403	0.007489812025256458
0.404	0.007885098016044662
0.405	0.0082919306868275
0.406	0.008721911501788986
0.407	0.00918891729409712
0.408	0.009703525938269023
0.409	0.010269435224795485
0.41	0.010885343171575919
0.411	0.01153633109964509
0.412	0.012201944570636373
0.413	0.01287578862987789
0.414	0.01356189472953975
0.415	0.01427061292481277
0.416	0.01501631877296984
0.417	0.015799035925592578
0.418	0.016618511039714158
0.419	0.01746998387297988
0.42	0.018347534185394348
0.421	0.019241692142026586
0.422	0.020150859643788092
0.423	0.02106581154574164
0.424	0.02199160807690206
0.425	0.022934449814168
0.426	0.023898896640646337
0.427	0.024893234819817266
0.428	0.025920960451779836
0.429	0.026976541788544122
0.43	0.028056775838609806
0.431	0.02915794253327315
0.432	0.03027930645261698
0.433	0.03141277914450354
0.434	0.03256430022389649
0.435	0.03373684893464937
0.436	0.03493789005376028
0.437	0.03616341531085874
0.438	0.0374174472320756
0.439	0.03869122824366563
0.44	0.03997030837482482
0.441	0.041257358163599524
0.442	0.042550700722504164
0.443	0.04385358561069168
0.444	0.04517487906558336
0.445	0.04650350278900896
0.446	0.04784879931089159
0.447	0.04919352984166938
0.448	0.050547104244934075
0.449	0.05189677265702135
0.45	0.05325244027345253
0.451	0.05461292015878188
0.452	0.05598945157340521
0.453	0.057375268189335624
0.454	0.05877603676977506
0.455	0.060178022137155986
0.456	0.06157313338286855
0.457	0.0629596347716892
0.458	0.06432166344690453
0.459	0.06565667927004545
0.46	0.0669841334966642
0.461	0.06831014374676664
0.462	0.06964133672486117
0.463	0.07099255244817965
0.464	0.07235615211446797
0.465	0.07373990892417696
0.466	0.07512781013405509
0.467	0.07650277710685735
0.468	0.07786341183572751
0.469	0.07918286084496574
0.47	0.08047586599528667
0.471	0.08172328602999657
0.472	0.08294045759730437
0.473	0.08413472426839871
0.474	0.08532294104054484
0.475	0.08650451944950657
0.476	0.08768813247442367
0.477	0.08885478117465426
0.478	0.09001303947942522
0.479	0.09114319959220474
0.48	0.09223444515143203
0.481	0.09329513077757769
0.482	0.09430451110332932
0.483	0.09527097777706237
0.484	0.09621331286963072
0.485	0.09714088759453673
0.486	0.09806338955424043
0.487	0.09897037709920262
0.488	0.09988198459835411
0.489	0.10076712975406821
0.49	0.1016147539103914
0.491	0.10239260934462695
0.492	0.1030783976878141
0.493	0.10366022494779928
0.494	0.10414754216091786
0.495	0.10451835411219912
0.496	0.10479336009484838
0.497	0.10499362055898527
0.498	0.10510855008078815
0.499	0.10514897448518395
0.5	0.10509412269455096
0.501	0.1049341846971556
0.502	0.10464930730053318
0.503	0.10422042089884376
0.504	0.10360881853443582
0.505	0.10279836041682515
0.506	0.10176463074908143
0.507	0.10050588113339556
0.508	0.09898312678954192
0.509	0.09721049633777418
0.51	0.09518510779364399
0.511	0.09289838286717134
0.512	0.09033756047582939
0.513	0.08750466206032365
0.514	0.0843741217396807
0.515	0.08093146862540579
0.516	0.07719685945882661
0.517	0.07324814811644773
0.518	0.06921261812210902
0.519	0.06527447543182108
0.52	0.06161000461205189
0.521	0.05841722540201649
0.522	0.05589418039942491
0.523	0.05425541674000588
0.524	0.05372700518965405
0.525	0.05457293586098156
0.526	0.05717739133075149
0.527	0.06207664171924852
0.528	0.06999646197845408
0.529	0.08187702244545209
0.53	0.0989386380288557
0.531	0.12266769561631648
0.532	0.15454235372001338
0.533	0.19557933058885993
0.534	0.24590226147471825
0.535	0.30455727848638336
0.536	0.3694137528228214
0.537	0.43732128135061943
0.538	0.5048288504199343
0.539	0.5689186182083621
0.54	0.6276953218403744
0.541	0.6799259945820372
0.542	0.7251718099900951
0.543	0.7635005742903003
0.544	0.7957225846274212
0.545	0.8231590728679431
0.546	0.8468237023098812
0.547	0.8679621725545388
0.548	0.8872665502830184
0.549	0.9052683824065768
0.55	0.9221341985579073
0.551	0.9376247154155869
0.552	0.9514100047939035
0.553	0.9633309583950531
0.554	0.9730592473265395
0.555	0.9807161450624875
0.556	0.9865307022530551
0.557	0.9907480121637575
0.558	0.9936872793374562
0.559	0.9957020772711136
0.56	0.9970512590077975
0.561	0.9979592100265092
0.562	0.9985699776938133
0.563	0.9990005470267926
0.564	0.9992899403408604
0.565	0.999486801052396
0.566	0.999617309588494
0.567	0.9997048335938402
0.568	0.9997672837395619
0.569	0.99981450312379
0.57	0.9998509783585946
0.571	0.9998820459299954
0.572	0.9999059763326884
0.573	0.9999248239105654
0.574	0.9999399284228959
0.575	0.9999513092311231
0.576	0.9999601200218194
0.577	0.9999676807753247
0.578	0.999972693519037
0.579	0.9999764736001595
0.58	0.9999789407178926
0.581	0.999981485862876
0.582	0.9999839359026766
0.583	0.9999864637610054
0.584	0.9999876919182256
0.585	0.9999889158781182
0.586	0.9999902214385952
0.587	0.999991436922105
0.588	0.9999914514851004
0.589	0.9999914659986461
0.59	0.9999914804629936
0.591	0.9999914948783926
0.592	0.9999915092450911
0.593	0.9999915235633354
0.594	0.9999915378333705
0.595	0.9999915520554391
0.596	0.999991566229783
0.597	0.9999915803566418
0.598	0.9999915944362539
0.599	0.9999916084688556
0.6	0.9999916224546822
0.601	0.9999916363939673
0.602	0.9999916502869425
0.603	0.9999916641338384
0.604	0.999991677934884
0.605	0.9999916916903063
0.606	0.9999917054003314
0.607	0.9999917190651838
0.608	0.999991732685086
0.609	0.9999917462602598
0.61	0.9999917597909249
0.611	0.9999917732773
0.612	0.9999917867196021
0.613	0.999991800118047
0.614	0.9999918134728489
0.615	0.9999918267842208
0.616	0.9999918400523742
0.617	0.999991853277519
0.618	0.9999918664598643
0.619	0.9999918795996172
0.62	0.9999918926969841
0.621	0.9999919057521697
0.622	0.9999919187653772
0.623	0.999991931736809
0.624	0.999991944666666
0.625	0.9999919575551475
0.626	0.9999919704024519
0.627	0.9999919832087762
0.628	0.9999919959743162
0.629	0.9999920086992665
0.63	0.9999920213838203
0.631	0.9999920340281695
0.632	0.9999920466325052
0.633	0.999992059197017
0.634	0.9999920717218931
0.635	0.999992084207321
0.636	0.9999920966534868
0.637	0.9999921090605751
0.638	0.99999212142877
0.639	0.999992133758254
0.64	0.9999921460492085
0.641	0.9999921583018138
0.642	0.9999921705162491
0.643	0.9999921826926925
0.644	0.9999921948313212
0.645	0.9999922069323107
0.646	0.999992218995836
0.647	0.9999922310220709
0.648	0.9999922430111878
0.649	0.9999922549633585
0.65	0.9999922668787534
0.651	0.999992278757542
0.652	0.9999922905998928
0.653	0.9999923024059731
0.654	0.9999923141759494
0.655	0.9999923259099869
0.656	0.9999923376082499
0.657	0.9999923492709021
0.658	0.9999923608981055
0.659	0.9999923724900217
0.66	0.999992384046811
0.661	0.9999923955686328
0.662	0.9999924070556456
0.663	0.999992418508007
0.664	0.9999924299258734
0.665	0.9999924413094005
0.666	0.9999924526587429
0.667	0.9999924639740545
0.668	0.9999924752554881
0.669	0.9999924865031955
0.67	0.9999924977173277
0.671	0.9999925088980349
0.672	0.9999925200454665
0.673	0.9999925311597705
0.674	0.9999925422410945
0.675	0.999992553289585
0.676	0.9999925643053879
0.677	0.9999925752886479
0.678	0.999992586239509
0.679	0.9999925971581144
0.68	0.9999926080446063
0.681	0.9999926188991263
0.682	0.999992629721815
0.683	0.9999926405128121
0.684	0.9999926512722568
0.685	0.9999926620002871
0.686	0.9999926726970405
0.687	0.9999926833626536
0.688	0.999992693997262
0.689	0.9999927046010009
0.69	0.9999927151740045
0.691	0.999992725716406
0.692	0.9999927362283383
0.693	0.9999927467099333
0.694	0.9999927571613221
0.695	0.999992767582635
0.696	0.9999927779740018
0.697	0.9999927883355512
0.698	0.9999927986674114
0.699	0.99999280896971
0.7	0.9999928192425735
0.701	0.999992829486128
0.702	0.9999928397004987
0.703	0.99999284988581
0.704	0.999992860042186
0.705	0.9999928701697497
0.706	0.9999928802686234
0.707	0.999992890338929
0.708	0.9999929003807875
0.709	0.9999929103943194
0.71	0.999992920379644
0.711	0.9999929303368809
0.712	0.9999929402661479
0.713	0.9999929501675631
0.714	0.9999929600412432
0.715	0.9999929698873047
0.716	0.9999929797058634
0.717	0.9999929894970343
0.718	0.9999929992609319
0.719	0.9999930089976697
0.72	0.9999930187073613
0.721	0.999993028390119
0.722	0.9999930380460548
0.723	0.9999930476752799
0.724	0.999993057277905
0.725	0.9999930668540402
0.726	0.999993076403795
0.727	0.9999930859272782
0.728	0.999993095424598
0.729	0.9999931048958622
0.73	0.9999931143411779
0.731	0.9999931237606514
0.732	0.9999931331543888
0.733	0.9999931425224953
0.734	0.9999931518650756
0.735	0.9999931611822341
0.736	0.9999931704740744
0.737	0.9999931797406993
0.738	0.9999931889822117
0.739	0.9999931981987132
0.74	0.9999932073903054
0.741	0.999993216557089
0.742	0.9999932256991644
0.743	0.9999932348166313
0.744	0.999993243909589
0.745	0.9999932529781361
0.746	0.9999932620223708
0.747	0.9999932710423909
0.748	0.9999932800382932
0.749	0.9999932890101747
0.75	0.9999932979581311
0.751	0.9999933068822582
0.752	0.9999933157826509
0.753	0.999993324659404
0.754	0.9999933335126114
0.755	0.9999933423423666
0.756	0.9999933511487628
0.757	0.9999933599318924
0.758	0.9999933686918477
0.759	0.9999933774287202
0.76	0.9999933861426009
0.761	0.9999933948335806
0.762	0.9999934035017495
0.763	0.9999934121471971
0.764	0.9999934207700126
0.765	0.999993429370285
0.766	0.9999934379481025
0.767	0.9999934465035528
0.768	0.9999934550367234
0.769	0.9999934635477011
0.77	0.9999934720365725
0.771	0.9999934805034235
0.772	0.9999934889483398
0.773	0.9999934973714064
0.774	0.9999935057727081
0.775	0.9999935141523291
0.776	0.9999935225103531
0.777	0.9999935308468636
0.778	0.9999935391619437
0.779	0.9999935474556756
0.78	0.9999935557281416
0.781	0.9999935639794235
0.782	0.9999935722096024
0.783	0.9999935804187592
0.784	0.9999935886069743
0.785	0.9999935967743279
0.786	0.9999936049208993
0.787	0.999993613046768
0.788	0.9999936211520127
0.789	0.999993629236712
0.79	0.9999936373009436
0.791	0.9999936453447854
0.792	0.9999936533683145
0.793	0.9999936613716078
0.794	0.9999936693547418
0.795	0.9999936773177923
0.796	0.9999936852608353
0.797	0.999993693183946
0.798	0.9999937010871994
0.799	0.9999937089706701
0.8	0.999993716834432
0.801	0.9999937246785592
0.802	0.999993732503125
0.803	0.9999937403082025
0.804	0.9999937480938644
0.805	0.9999937558601832
0.806	0.9999937636072308
0.807	0.9999937713350788
0.808	0.9999937790437986
0.809	0.999993786733461
0.81	0.9999937944041366
0.811	0.9999938020558957
0.812	0.9999938096888081
0.813	0.9999938173029436
0.814	0.999993824898371
0.815	0.9999938324751595
0.816	0.9999938400333774
0.817	0.9999938475730931
0.818	0.9999938550943742
0.819	0.9999938625972885
0.82	0.999993870081903
0.821	0.9999938775482846
0.822	0.9999938849965
0.823	0.9999938924266152
0.824	0.9999938998386961
0.825	0.9999939072328086
0.826	0.9999939146090175
0.827	0.9999939219673882
0.828	0.999993929307985
0.829	0.9999939366308723
0.83	0.9999939439361143
0.831	0.9999939512237743
0.832	0.9999939584939161
0.833	0.9999939657466026
0.834	0.9999939729818966
0.835	0.9999939801998607
0.836	0.9999939874005569
0.837	0.9999939945840473
0.838	0.9999940017503932
0.839	0.9999940088996562
0.84	0.9999940160318972
0.841	0.9999940231471769
0.842	0.9999940302455557
0.843	0.9999940373270938
0.844	0.9999940443918511
0.845	0.9999940514398872
0.846	0.9999940584712612
0.847	0.9999940654860323
0.848	0.9999940724842591
0.849	0.9999940794660003
0.85	0.9999940864313137
0.851	0.9999940933802576
0.852	0.9999941003128895
0.853	0.9999941072292666
0.854	0.9999941141294463
0.855	0.9999941210134852
0.856	0.9999941278814398
0.857	0.9999941347333667
0.858	0.9999941415693218
0.859	0.9999941483893608
0.86	0.9999941551935394
0.861	0.9999941619819127
0.862	0.9999941687545357
0.863	0.9999941755114633
0.864	0.9999941822527498
0.865	0.9999941889784497
0.866	0.9999941956886167
0.867	0.9999942023833048
0.868	0.9999942090625674
0.869	0.9999942157264577
0.87	0.9999942223750288
0.871	0.9999942290083333
0.872	0.999994235626424
0.873	0.999994242229353
0.874	0.9999942488171722
0.875	0.9999942553899338
0.876	0.999994261947689
0.877	0.9999942684904893
0.878	0.9999942750183858
0.879	0.9999942815314293
0.88	0.9999942880296705
0.881	0.9999942945131597
0.882	0.9999943009819472
0.883	0.999994307436083
0.884	0.9999943138756165
0.885	0.9999943203005976
0.886	0.9999943267110754
0.887	0.999994333107099
0.888	0.999994339488717
0.889	0.9999943458559782
0.89	0.9999943522089312
0.891	0.9999943585476238
0.892	0.9999943648721041
0.893	0.99999437118242
0.894	0.9999943774786187
0.895	0.999994383760748
0.896	0.9999943900288545
0.897	0.9999943962829855
0.898	0.9999944025231874
0.899	0.9999944087495068
0.9	0.99999441496199
0.901	0.999994421160683
0.902	0.9999944273456318
0.903	0.9999944335168819
0.904	0.9999944396744789
0.905	0.9999944458184679
0.906	0.9999944519488941
0.907	0.9999944580658022
0.908	0.9999944641692371
0.909	0.9999944702592432
0.91	0.9999944763358646
0.911	0.9999944823991455
0.912	0.9999944884491297
0.913	0.9999944944858611
0.914	0.9999945005093829
0.915	0.9999945065197386
0.916	0.9999945125169715
0.917	0.9999945185011241
0.918	0.9999945244722394
0.919	0.9999945304303599
0.92	0.9999945363755282
0.921	0.9999945423077861
0.922	0.9999945482271758
0.923	0.9999945541337392
0.924	0.9999945600275177
0.925	0.9999945659085531
0.926	0.9999945717768864
0.927	0.999994577632559
0.928	0.9999945834756115
0.929	0.9999945893060849
0.93	0.9999945951240196
0.931	0.9999946009294561
0.932	0.9999946067224346
0.933	0.9999946125029952
0.934	0.9999946182711777
0.935	0.999994624027022
0.936	0.9999946297705674
0.937	0.9999946355018535
0.938	0.9999946412209193
0.939	0.999994646927804
0.94	0.9999946526225465
0.941	0.9999946583051853
0.942	0.9999946639757592
0.943	0.9999946696343064
0.944	0.9999946752808652
0.945	0.9999946809154736
0.946	0.9999946865381696
0.947	0.9999946921489908
0.948	0.999994697747975
0.949	0.9999947033351594
0.95	0.9999947089105813
0.951	0.9999947144742779
0.952	0.999994720026286
0.953	0.9999947255666426
0.954	0.9999947310953842
0.955	0.9999947366125472
0.956	0.9999947421181682
0.957	0.9999947476122831
0.958	0.9999947530949281
0.959	0.9999947585661392
0.96	0.9999947640259518
0.961	0.9999947694744017
0.962	0.9999947749115242
0.963	0.9999947803373549
0.964	0.9999947857519286
0.965	0.9999947911552803
0.966	0.999994796547445
0.967	0.9999948019284576
0.968	0.9999948072983522
0.969	0.9999948126571635
0.97	0.9999948180049258
0.971	0.9999948233416731
0.972	0.9999948286674396
0.973	0.9999948339822589
0.974	0.9999948392861648
0.975	0.9999948445791911
0.976	0.9999948498613709
0.977	0.9999948551327377
0.978	0.9999948603933246
0.979	0.9999948656431648
0.98	0.999994870882291
0.981	0.999994876110736
0.982	0.9999948813285324
0.983	0.9999948865357129
0.984	0.9999948917323097
0.985	0.9999948969183551
0.986	0.9999949020938811
0.987	0.9999949072589197
0.988	0.9999949124135028
0.989	0.9999949175576621
0.99	0.9999949226914292
0.991	0.9999949278148356
0.992	0.9999949329279125
0.993	0.9999949380306912
0.994	0.9999949431232028
0.995	0.9999949482054782
0.996	0.9999949532775483
0.997	0.9999949583394436
0.998	0.9999949633911951
0.999	0.9999949684328328
1	0.9999949734643874
1.001	0.9999949784858888
1.002	0.9999949834973674
1.003	0.9999949884988529
1.004	0.9999949934903755
1.005	0.9999949984719646
1.006	0.9999950034436501
1.007	0.9999950084054613
1.008	0.9999950133574277
1.009	0.9999950182995785
1.01	0.9999950232319428
1.011	0.9999950281545499
1.012	0.9999950330674284
1.013	0.9999950379706073
1.014	0.9999950428641153
1.015	0.9999950477479809
1.016	0.9999950526222326
1.017	0.9999950574868989
1.018	0.9999950623420079
1.019	0.9999950671875876
1.02	0.9999950720236663
1.021	0.9999950768502718
1.022	0.9999950816674319
1.023	0.9999950864751743
1.024	0.9999950912735266
1.025	0.9999950960625164
1.026	0.9999951008421708
1.027	0.9999951056125173
1.028	0.9999951103735829
1.029	0.9999951151253949
1.03	0.99999511986798
1.031	0.9999951246013652
1.032	0.9999951293255771
1.033	0.9999951340406426
1.034	0.999995138746588
1.035	0.9999951434434398
1.036	0.9999951481312243
1.037	0.9999951528099678
1.038	0.9999951574796964
1.039	0.9999951621404362
1.04	0.9999951667922129
1.041	0.9999951714350526
1.042	0.9999951760689809
1.043	0.9999951806940235
1.044	0.9999951853102058
1.045	0.9999951899175534
1.046	0.9999951945160915
1.047	0.9999951991058454
1.048	0.9999952036868404
1.049	0.9999952082591013
1.05	0.9999952128226531
1.051	0.9999952173775207
1.052	0.9999945529948728
1.053	0.9999938421393424
1.054	0.9999931803230725
1.055	0.9999925197618673
1.056	0.9999918604521602
1.057	0.9999911548359616
1.058	0.9999904980635828
1.059	0.9999905070360958
1.06	0.9999905159916797
1.061	0.9999905249303822
1.062	0.9999905338522511
1.063	0.9999905427573338
1.064	0.9999905516456778
1.065	0.9999905605173302
1.066	0.9999905693723378
1.067	0.9999905782107475
1.068	0.9999905870326061
1.069	0.9999905958379598
1.07	0.9999906046268551
1.071	0.9999906133993378
1.072	0.9999906221554541
1.073	0.9999906308952496
1.074	0.99999063961877
1.075	0.9999906483260607
1.076	0.9999906570171668
1.077	0.9999906656921337
1.078	0.999990674351006
1.079	0.9999906829938285
1.08	0.9999906916206459
1.081	0.9999907002315026
1.082	0.9999907088264428
1.083	0.9999907174055106
1.084	0.9999907259687499
1.085	0.9999907345162046
1.086	0.9999907430479181
1.087	0.999990751563934
1.088	0.9999907600642955
1.089	0.9999907685490458
1.09	0.9999907770182278
1.091	0.9999907854718844
1.092	0.9999907939100581
1.093	0.9999908023327915
1.094	0.9999908107401269
1.095	0.9999908191321065
1.096	0.9999908275087724
1.097	0.9999908358701664
1.098	0.9999908442163302
1.099	0.9999908525473055
1.1	0.9999908608631335
1.101	0.9999908691638557
1.102	0.9999908774495132
1.103	0.9999908857201468
1.104	0.9999908939757975
1.105	0.9999909022165059
1.106	0.9999909104423126
1.107	0.9999909186532578
1.108	0.999990926849382
1.109	0.999990935030725
1.11	0.9999909431973271
1.111	0.9999909513492278
1.112	0.9999909594864669
1.113	0.9999909676090839
1.114	0.9999909757171181
1.115	0.9999909838106089
1.116	0.9999909918895953
1.117	0.9999909999541161
1.118	0.9999910080042105
1.119	0.9999910160399168
1.12	0.9999910240612737
1.121	0.9999910320683196
1.122	0.9999910400610929
1.123	0.9999910480396313
1.124	0.9999910560039733
1.125	0.9999910639541565
1.126	0.9999910718902186
1.127	0.9999910798121973
1.128	0.9999910877201299
1.129	0.999991095614054
1.13	0.9999911034940064
1.131	0.9999911113600245
1.132	0.9999911192121451
1.133	0.999991127050405
1.134	0.9999911348748409
1.135	0.9999911426854893
1.136	0.9999911504823865
1.137	0.9999911582655691
1.138	0.9999911660350729
1.139	0.999991173790934
1.14	0.9999911815331887
1.141	0.9999911892618722
1.142	0.9999911969770204
1.143	0.999991204678669
1.144	0.9999912123668532
1.145	0.9999912200416082
1.146	0.9999912277029694
1.147	0.9999912353509717
1.148	0.9999906299975173
1.149	0.9999899819514144
1.15	0.9999893787414171
1.151	0.9999881651910172
1.152	0.9999869101162833
1.153	0.99998565722018
1.154	0.9999844500539716
1.155	0.9999838542481001
1.156	0.9999838682149009
1.157	0.9999838821575587
1.158	0.9999845037666678
1.159	0.9999851243034977
1.16	0.9999857437708206
1.161	0.9999870115875912
1.162	0.9999882772238362
1.163	0.9999888923841392
1.164	0.9999895064878432
1.165	0.9999901195376681
1.166	0.9999907746452589
1.167	0.9999913855585343
1.168	0.9999913929338805
1.169	0.9999914002966086
1.17	0.9999914076467508
1.171	0.9999914149843395
1.172	0.9999914223094067
1.173	0.9999914296219846
1.174	0.999991436922105
1.175	0.9999914442097997
1.176	0.9999914514851004
1.177	0.9999914587480387
1.178	0.9999914659986461
1.179	0.999991473236954
1.18	0.9999914804629936
1.181	0.9999914876767961
1.182	0.9999914948783926
1.183	0.9999915020678138
1.184	0.9999915092450911
1.185	0.9999915164102546
1.186	0.9999915235633354
1.187	0.9999915307043639
1.188	0.9999915378333705
1.189	0.9999915449503854
1.19	0.9999915520554391
1.191	0.9999915591485616
1.192	0.999991566229783
1.193	0.9999921631658825
1.194	0.9999928012005345
1.195	0.9999933961048637
1.196	0.9999939900147228
1.197	0.999994582932603
1.198	0.9999952168186179
1.199	0.9999958077250131
1.2	0.9999958112185682
1.201	0.9999958147063056
1.202	0.9999958181882399
1.203	0.9999958216643854
1.204	0.9999958251347565
1.205	0.9999958285993678
1.206	0.9999958320582334
1.207	0.9999958355113676
1.208	0.9999958389587849
1.209	0.9999958424004991
1.21	0.9999958458365247
1.211	0.9999958492668755
1.212	0.9999958526915657
1.213	0.9999958561106093
1.214	0.9999958595240201
1.215	0.9999958629318122
1.216	0.9999958663339994
1.217	0.9999958697305955
1.218	0.9999958731216143
1.219	0.9999958765070696
1.22	0.9999958798869748
1.221	0.9999958832613438
1.222	0.9999958866301901
1.223	0.9999953145939691
1.224	0.9999947024264203
1.225	0.9999941322915078
1.226	0.9999935630869928
1.227	0.9999929948105999
1.228	0.9999923865275681
1.229	0.9999918201339504
1.23	0.9999918267842208
1.231	0.9999918334236867
1.232	0.9999918400523742
1.233	0.9999918466703096
1.234	0.999991853277519
1.235	0.9999918598740286
1.236	0.9999918664598643
1.237	0.9999918730350519
1.238	0.9999918795996172
1.239	0.9999918861535861
1.24	0.9999918926969841
1.241	0.9999918992298368
1.242	0.9999919057521697
1.243	0.999991912264008
1.244	0.9999919187653772
1.245	0.9999919252563025
1.246	0.999991931736809
1.247	0.9999919382069219
1.248	0.999991944666666
1.249	0.9999919511160662
1.25	0.9999919575551475
1.251	0.9999919639839344
1.252	0.999991408333038
1.253	0.999990813453623
1.254	0.9999902596070575
1.255	0.9999897066434219
1.256	0.9999891545606068
1.257	0.999988563368515
1.258	0.9999880130728476
1.259	0.9999880225937812
1.26	0.9999880320996022
1.261	0.9999880415903467
1.262	0.9999880510660506
1.263	0.9999875033548125
1.264	0.9999869167440292
1.265	0.999986370796054
1.266	0.9999858257108533
1.267	0.9999852814863833
1.268	0.9999846984796652
1.269	0.9999841560018115
1.27	0.9999841684773018
1.271	0.9999841809331613
1.272	0.9999841933694363
1.273	0.9999836529932074
1.274	0.9999830740113983
1.275	0.9999825353613488
1.276	0.999981997555868
1.277	0.9999814605929709
1.278	0.9999808851400666
1.279	0.9999803498871795
1.28	0.9999803652386795
1.281	0.9999803805662116
1.282	0.9999803958698322
1.283	0.9999804111495969
1.284	0.9999804264055616
1.285	0.9999804416377819
1.286	0.9999804568463131
1.287	0.9999804720312104
1.288	0.999980487192529
1.289	0.9999805023303235
1.29	0.9999805174446489
1.291	0.9999805325355596
1.292	0.99998054760311
1.293	0.9999805626473542
1.294	0.9999805776683465
1.295	0.9999805926661404
1.296	0.9999806076407899
1.297	0.9999806225923483
1.298	0.9999806375208692
1.299	0.9999806524264055
1.3	0.9999806673090106
1.301	0.9999806821687371
1.302	0.999980697005638
1.303	0.9999807118197656
1.304	0.9999807266111722
1.305	0.9999807413799103
1.306	0.999980756126032
1.307	0.9999813092607687
1.308	0.9999818999786105
1.309	0.9999824513950152
1.31	0.9999830019698661
1.311	0.9999835517050883
1.312	0.9999841389140983
1.313	0.9999846869466573
1.314	0.9999846986003378
1.315	0.9999847102362942
1.316	0.9999847218545669
1.317	0.9999847334551962
1.318	0.9999847450382223
1.319	0.9999847566036851
1.32	0.9999847681516247
1.321	0.9999847796820808
1.322	0.9999847911950931
1.323	0.999984802690701
1.324	0.9999848141689441
1.325	0.9999848256298618
1.326	0.9999848370734931
1.327	0.9999843182015309
1.328	0.999983762261371
1.329	0.9999832449795478
1.33	0.999982728475859
1.331	0.9999816462807725
1.332	0.999980603447888
1.333	0.9999795244729615
1.334	0.9999790123089037
1.335	0.9999790280298558
1.336	0.9999790437272738
1.337	0.9999790594012105
1.338	0.9999796009876035
1.339	0.9999801417653477
1.34	0.9999807192470828
1.341	0.9999807336248361
1.342	0.9999801861573847
1.343	0.999979676932522
1.344	0.9999791684656931
1.345	0.9999786607552067
1.346	0.9999781164558523
1.347	0.9999781327018099
1.348	0.999978708245602
1.349	0.999979245675916
1.35	0.9999797823103251
1.351	0.9999803181505962
1.352	0.9999808903763906
1.353	0.9999809045001461
1.354	0.9999803617584014
1.355	0.9999798569135947
1.356	0.9999788338593428
1.357	0.9999777752731523
1.358	0.9999767182471172
1.359	0.9999756997640012
1.36	0.9999752002055134
1.361	0.9999746644495575
1.362	0.999974166385294
1.363	0.9999741853385451
1.364	0.9999742042640059
1.365	0.9999742231617375
1.366	0.9999747571846624
1.367	0.9999753271963107
1.368	0.9999763740325917
1.369	0.999977456056727
1.37	0.9999784998130885
1.371	0.9999795787105387
1.372	0.9999806194004739
1.373	0.9999811826548466
1.374	0.9999817085070085
1.375	0.999981721809791
1.376	0.9999817350932381
1.377	0.9999817483573921
1.378	0.9999822722729041
1.379	0.9999828318788914
1.38	0.9999833542505109
1.381	0.9999838758658905
1.382	0.9999843967266714
1.383	0.9999849531791934
1.384	0.999985472509439
1.385	0.9999854829985257
1.386	0.9999854934724769
1.387	0.999985503931325
1.388	0.9999855143751029
1.389	0.9999850181757727
1.39	0.9999844865289867
1.391	0.9999839917825336
1.392	0.9999834977471672
1.393	0.9999830044213558
1.394	0.9999824757457507
1.395	0.9999819838603365
1.396	0.9999819967657645
1.397	0.9999820096527168
1.398	0.9999820225212329
1.399	0.9999820353713524
1.4	0.9999820482031149
1.401	0.9999825633037167
1.402	0.9999831135218668
1.403	0.999983627129416
1.404	0.999984140005594
1.405	0.9999846521519614
1.406	0.9999851993202442
1.407	0.999985709986266
1.408	0.999985720135351
1.409	0.99998573027003
1.41	0.9999857403903337
1.411	0.9999857504962927
1.412	0.9999857605879373
1.413	0.9999857706652981
1.414	0.9999857807284053
1.415	0.9999857907772891
1.416	0.9999858008119796
1.417	0.999985810832507
1.418	0.9999858208389012
1.419	0.999985830831192
1.42	0.9999863363776942
1.421	0.9999868765857667
1.422	0.9999873806863491
1.423	0.9999878840786809
1.424	0.9999883867642541
1.425	0.9999889240181871
1.426	0.9999894252699821
1.427	0.9999894326804055
1.428	0.9999894400804502
1.429	0.999989447470138
1.43	0.9999894548494905
1.431	0.9999894622185297
1.432	0.9999894695772769
1.433	0.9999894769257537
1.434	0.9999894842639816
1.435	0.9999894915919821
1.436	0.9999894989097766
1.437	0.9999895062173864
1.438	0.9999895135148325
1.439	0.9999895208021363
1.44	0.999989528079319
1.441	0.9999895353464014
1.442	0.9999895426034049
1.443	0.99998954985035
1.444	0.999989557087258
1.445	0.9999895643141495
1.446	0.9999895715310454
1.447	0.9999895787379663
1.448	0.999989585934933
1.449	0.9999895931219661
1.45	0.9999896002990861
1.451	0.9999896074663134
1.452	0.9999896146236686
1.453	0.999989621771172
1.454	0.9999896289088439
1.455	0.9999896360367047
1.456	0.9999896431547745
1.457	0.9999896502630735
1.458	0.9999896573616218
1.459	0.9999896644504395
1.46	0.9999896715295464
1.461	0.9999896785989627
1.462	0.999989685658708
1.463	0.9999896927088024
1.464	0.9999896997492657
1.465	0.9999897067801173
1.466	0.9999897138013772
1.467	0.9999897208130648
1.468	0.9999897278151998
1.469	0.9999897348078016
1.47	0.9999897417908897
1.471	0.9999897487644837
1.472	0.9999897557286025
1.473	0.9999897626832658
1.474	0.9999897696284926
1.475	0.9999897765643022
1.476	0.9999897834907138
1.477	0.9999897904077464
1.478	0.999989797315419
1.479	0.9999898042137507
1.48	0.9999898111027604
1.481	0.9999898179824669
1.482	0.9999898248528891
1.483	0.9999898317140459
1.484	0.9999898385659557
1.485	0.9999898454086376
1.486	0.9999898522421098
1.487	0.9999898590663913
1.488	0.9999898658815002
1.489	0.9999898726874553
1.49	0.999989879484275
1.491	0.9999898862719776
1.492	0.9999898930505814
1.493	0.9999898998201048
1.494	0.999989906580566
1.495	0.999989913331983
1.496	0.9999899200743742
1.497	0.9999899268077574
1.498	0.999989933532151
1.499	0.9999899402475728
1.5	0.9999894778143642
1.501	0.9999889825099079
1.502	0.999988521330539
1.503	0.9999880607650607
1.504	0.9999876008122485
1.505	0.9999871080723185
1.506	0.9999866493633682
1.507	0.9999866582223912
1.508	0.9999866670696649
1.509	0.9999866759052125
1.51	0.9999866847290576
1.511	0.9999862278183732
1.512	0.9999857382683832
1.513	0.999985282587662
1.514	0.999984827509104
1.515	0.9999843730315165
1.516	0.9999838859975929
1.517	0.9999834327402519
1.518	0.999982980080293
1.519	0.9999824949259477
1.52	0.9999820434790002
1.521	0.9999815926258748
1.522	0.9999811423654006
1.523	0.999980197642245
1.524	0.9999792541597742
1.525	0.9999788063195268
1.526	0.9999783590664262
1.527	0.9999774186433282
1.528	0.9999765123475182
1.529	0.9999755743640623
1.53	0.9999746704600304
1.531	0.9999737349066802
1.532	0.9999728005755526
1.533	0.999971441219799
1.534	0.9999705096042037
1.535	0.9999695792033062
1.536	0.9999682246041545
1.537	0.9999672969027101
1.538	0.9999660109146019
1.539	0.9999643999995959
1.54	0.9999631175664224
1.541	0.9999618367993073
1.542	0.9999599057691502
1.543	0.9999579772456701
1.544	0.9999563767633779
1.545	0.999954453027301
1.546	0.9999522066665799
1.547	0.9999499632150463
1.548	0.9999477226670523
1.549	0.9999451605319161
1.55	0.9999429259841868
1.551	0.9999403702577937
1.552	0.9999374939760425
1.553	0.9999342977609409
1.554	0.999931105669569
1.555	0.9999275944666132
1.556	0.999923764770706
1.557	0.9999196171991948
1.558	0.9999157975701184
1.559	0.9999110156773753
1.56	0.9999068843071366
1.561	0.999902436270319
1.562	0.9998973504102898
1.563	0.9998925926454814
1.564	0.999887519632912
1.565	0.9998821319817291
1.566	0.9998767512403013
1.567	0.9998707359275579
1.568	0.9998650488508929
1.569	0.999859048734555
1.57	0.999853056297615
1.571	0.9998473914349731
1.572	0.9998414141072498
1.573	0.9998357639142678
1.574	0.9998298016381814
1.575	0.9998244851483336
1.576	0.9998191754335163
1.577	0.9998138724807873
1.578	0.9998085762772375
1.579	0.999803605084864
1.58	0.9997992763538224
1.581	0.999794635247929
1.582	0.9997903176980262
1.583	0.9997863230867828
1.584	0.9997829680624093
1.585	0.9997799343452834
1.586	0.9997769044629662
1.587	0.9997741950693398
1.588	0.999772438478628
1.589	0.9997713166251784
1.59	0.9997705122466325
1.591	0.9997697088798935
1.592	0.9997698535184725
1.593	0.9997706289100327
1.594	0.9997717185990661
1.595	0.9997731219954454
1.596	0.9997751533865852
1.597	0.999777496917174
1.598	0.9997801520034191
1.599	0.9997831180632788
1.6	0.9997863945164565
1.601	0.9997899807843941
1.602	0.9997938762902658
1.603	0.9997974534431625
1.604	0.9998013394620648
1.605	0.9998055337732759
1.606	0.9998094099527818
1.607	0.999813594055619
1.608	0.999817460432554
1.609	0.9998210096723391
1.61	0.9998248666689455
1.611	0.9998284069314001
1.612	0.9998316310458234
1.613	0.999834851172962
1.614	0.999838067320208
1.615	0.9998412794949352
1.616	0.9998444877044992
1.617	0.9998476919562376
1.618	0.9998508922574695
1.619	0.9998540886154964
1.62	0.9998569708011767
1.621	0.9998595393932557
1.622	0.9998624146802099
1.623	0.999864667101429
1.624	0.9998669167537951
1.625	0.9998691636424106
1.626	0.999871098676357
1.627	0.999873340242015
1.628	0.9998755790589228
1.629	0.9998775066033855
1.63	0.9998797401265321
1.631	0.9998816627641219
1.632	0.9998829671225714
1.633	0.9998848854355037
1.634	0.999886186229364
1.635	0.999887178034223
1.636	0.9998881686275887
1.637	0.9998885439628643
1.638	0.9998892256770326
1.639	0.9998895999097632
1.64	0.9998896672231776
1.641	0.9998897344545571
1.642	0.9998901076938868
1.643	0.9998907863827605
1.644	0.9998911585285603
1.645	0.9998918357541865
1.646	0.9998922068106655
1.647	0.9998931877396864
1.648	0.9998941674792199
1.649	0.9998954508235424
1.65	0.9998973418297824
1.651	0.9998995349729879
1.652	0.9999023339471889
1.653	0.9999048254851639
1.654	0.9999060985197857
1.655	0.9999070663268673
1.656	0.9999062119220522
1.657	0.9999041452554547
1.658	0.9999011716674293
1.659	0.999897898717283
1.66	0.9998943269489852
1.661	0.9998928776176634
1.662	0.9998923372536016
1.663	0.999894215343877
1.664	0.9998982054963871
1.665	0.9999037001992621
1.666	0.9999103950814481
1.667	0.9999176849914803
1.668	0.9999243635554433
1.669	0.9999298295596484
1.67	0.9999340851625491
1.671	0.9999371325218226
1.672	0.9999395750195984
1.673	0.9999408128691162
1.674	0.9999411484787623
1.675	0.99994178376271
1.676	0.9999427181851206
1.677	0.9999433517763991
1.678	0.999943984612904
1.679	0.9999440179743211
1.68	0.9999440512960232
1.681	0.9999434865690771
1.682	0.9999432213404654
1.683	0.9999420604807172
1.684	0.9999406025300792
1.685	0.9999394446054282
1.686	0.9999382880556916
1.687	0.9999365370004445
1.688	0.999935383546896
1.689	0.9999336362898652
1.69	0.9999318911036419
1.691	0.9999298507523539
1.692	0.9999278128169844
1.693	0.9999257772932453
1.694	0.9999237441768583
1.695	0.9999220099919021
1.696	0.9999208705612286
1.697	0.9999203248313884
1.698	0.9999209637606534
1.699	0.9999221935986683
1.7	0.9999240133048318
1.701	0.9999264218420325
1.702	0.9999291228656644
1.703	0.9999321158628629
1.704	0.9999348103900577
1.705	0.9999369121763616
1.706	0.9999381276391672
1.707	0.9999390472304625
1.708	0.9999390829160086
1.709	0.9999385303513982
1.71	0.9999373905696227
1.711	0.9999362521214431
1.712	0.9999351150045201
1.713	0.9999342726325814
1.714	0.9999337244889944
1.715	0.9999343492800564
1.716	0.9999352662467004
1.717	0.9999367676124677
1.718	0.9999385597960478
1.719	0.9999406422914717
1.72	0.999943306818766
1.721	0.9999453841456573
1.722	0.9999474590641657
1.723	0.9999492398609013
1.724	0.9999507270461137
1.725	0.99995250388948
1.726	0.9999536962533335
1.727	0.9999545961942851
1.728	0.9999554950944468
1.729	0.9999563929556232
1.73	0.9999572897796147
1.731	0.9999576048245311
1.732	0.9999582097099945
1.733	0.9999585238607854
1.734	0.9999591275191175
1.735	0.999959440779066
1.736	0.9999594641421989
1.737	0.9999594874784319
1.738	0.9999595107878113
1.739	0.9999595340703834
1.74	0.9999592684558364
1.741	0.9999587144422123
1.742	0.9999578725266591
1.743	0.9999567432054322
1.744	0.9999556151805716
1.745	0.9999539123675507
1.746	0.9999519236323929
1.747	0.9999502248881343
1.748	0.9999485280903999
1.749	0.9999479827576047
1.75	0.9999474380483437
1.751	0.9999471810136344
1.752	0.9999474980489965
1.753	0.999948388172539
1.754	0.9999492772819083
1.755	0.9999501653788367
1.756	0.9999504799934388
1.757	0.9999513663959829
1.758	0.9999522517908899
1.759	0.9999525646834305
1.76	0.9999534483924202
1.761	0.9999543310985449
1.762	0.999955212803511
1.763	0.9999560935090206
1.764	0.9999564033380266
1.765	0.9999572823720918
1.766	0.9999581604114198
1.767	0.9999584685453139
1.768	0.9999590606260828
1.769	0.9999593679029994
1.77	0.9999599588071699
1.771	0.999960265230192
1.772	0.9999602876534317
1.773	0.9999603100513779
1.774	0.9999603324240731
1.775	0.9999603547715602
1.776	0.9999603770938817
1.777	0.9999603993910802
1.778	0.9999604216631978
1.779	0.999960443910277
1.78	0.9999604661323601
1.781	0.999960488329489
1.782	0.9999605105017059
1.783	0.9999605326490525
1.784	0.9999605547715706
1.785	0.9999605768693023
1.786	0.9999605989422888
1.787	0.9999606209905719
1.788	0.9999606430141931
1.789	0.9999606650131935
1.79	0.9999604061859424
1.791	0.9999598670030532
1.792	0.9999596089101959
1.793	0.9999590707738267
1.794	0.9999588134127323
1.795	0.9999582763195591
1.796	0.9999580196876088
1.797	0.99995804304845
1.798	0.9999580663833064
1.799	0.9999578102960636
1.8	0.9999572752526392
1.801	0.9999570198892548
1.802	0.9999564858787127
1.803	0.9999562312366056
1.804	0.999955698255682
1.805	0.9999554443322831
1.806	0.9999554690026462
1.807	0.9999554936457046
1.808	0.9999555182615034
1.809	0.9999555428500881
1.81	0.9999558451090508
1.811	0.9999564245786697
1.812	0.9999567260176738
1.813	0.9999573043626792
1.814	0.9999581591562177
1.815	0.9999587360751468
1.816	0.9999595891401157
1.817	0.9999601646378417
1.818	0.9999604630258784
1.819	0.9999610374109223
1.82	0.9999616111651033
1.821	0.9999621842894599
1.822	0.9999624809145379
1.823	0.9999630529335235
1.824	0.9999633487573814
1.825	0.9999633688398861
1.826	0.9999633889003953
1.827	0.9999631338232562
1.828	0.9999626040602182
1.829	0.9999618000622683
1.83	0.9999612716077423
1.831	0.9999604692167859
1.832	0.9999599420663209
1.833	0.9999596897054374
1.834	0.9999591635552798
1.835	0.9999589118939016
1.836	0.9999589342725849
1.837	0.9999592302438137
1.838	0.9999597993612706
1.839	0.9999600945404594
1.84	0.9999606625700747
1.841	0.9999609569599646
1.842	0.999961523905118
1.843	0.9999618175084379
1.844	0.9999618382143831
1.845	0.9999618588978834
1.846	0.999961879558975
1.847	0.9999616280614707
1.848	0.9999611048473916
1.849	0.9999608540411075
1.85	0.9999603318114586
1.851	0.9999595385987782
1.852	0.9999590176440596
1.853	0.9999582259977687
1.854	0.9999577063136946
1.855	0.9999574581515833
1.856	0.999956939441622
1.857	0.9999566919599355
1.858	0.9999567152683869
1.859	0.9999567385517626
1.86	0.9999564915772949
1.861	0.9999559747808495
1.862	0.9999557284820372
1.863	0.999955212650391
1.864	0.9999552366774014
1.865	0.9999552606786459
1.866	0.9999552846541664
1.867	0.9999558470426708
1.868	0.9999561397539628
1.869	0.9999567010836229
1.87	0.9999569930253976
1.871	0.9999570160109937
1.872	0.999957038972033
1.873	0.999957061908555
1.874	0.9999570848205989
1.875	0.9999571077082037
1.876	0.9999571305714086
1.877	0.9999571534102525
1.878	0.9999571762247745
1.879	0.9999571990150133
1.88	0.9999574891391935
1.881	0.9999580461711773
1.882	0.9999583355371517
1.883	0.9999588915284684
1.884	0.9999591801388008
1.885	0.9999597350926103
1.886	0.9999600229498532
1.887	0.9999603105020838
1.888	0.999960863975997
1.889	0.9999611507787968
1.89	0.9999617032228966
1.891	0.9999619892787905
1.892	0.9999625406961917
1.893	0.9999628260076945
1.894	0.9999628456345698
1.895	0.999962865240731
1.896	0.9999628848262111
1.897	0.9999629043910425
1.898	0.9999629239352582
1.899	0.9999629434588905
1.9	0.9999629629619721
1.901	0.9999629824445352
1.902	0.9999630019066122
1.903	0.9999630213482357
1.904	0.9999633047590978
1.905	0.9999638517237234
1.906	0.9999641344017682
1.907	0.9999646803581566
1.908	0.9999649623058321
1.909	0.9999655072570051
1.91	0.9999655253157215
1.911	0.9999650173090994
1.912	0.9999647727196098
1.913	0.9999642656378905
1.914	0.9999634964757704
1.915	0.9999629905907319
1.916	0.999962222897947
1.917	0.9999614560066821
1.918	0.9999606899156824
1.919	0.999959924623696
1.92	0.9999588983408119
1.921	0.9999581347795837
1.922	0.9999573720134862
1.923	0.9999566100412782
1.924	0.9999563713490006
1.925	0.9999558717968711
1.926	0.9999556337359368
1.927	0.9999556567589157
1.928	0.9999556797580125
1.929	0.9999557027332641
1.93	0.9999557256847076
1.931	0.9999557486123801
1.932	0.9999557715163185
1.933	0.9999557943965597
1.934	0.9999558172531403
1.935	0.9999558400860971
1.936	0.9999556032712033
1.937	0.9999551072107825
1.938	0.9999548710186136
1.939	0.9999543758478658
1.94	0.9999536220994062
1.941	0.9999531280829389
1.942	0.9999523757541932
1.943	0.9999516242004116
1.944	0.9999508734203975
1.945	0.9999498649915226
1.946	0.9999483410235205
1.947	0.9999468186232898
1.948	0.9999455558106883
1.949	0.9999435206270456
1.95	0.9999417452915618
1.951	0.9999397141550656
1.952	0.9999379425953523
1.953	0.9999359154936845
1.954	0.9999341476979942
1.955	0.9999323817139109
1.956	0.9999308745018487
1.957	0.9999296256639557
1.958	0.9999283781032462
1.959	0.9999271318177617
1.96	0.9999258868055481
1.961	0.9999248993711367
1.962	0.9999239129442579
1.963	0.9999224154337576
1.964	0.9999214312785654
1.965	0.9999199365588912
1.966	0.9999184433620174
1.967	0.9999166961629867
1.968	0.999914950742613
1.969	0.9999129518360521
1.97	0.9999109549628277
1.971	0.999908960119839
1.972	0.9999067124317819
1.973	0.9999047217696742
1.974	0.999902987741372
1.975	0.9999010009884424
1.976	0.9998992706046538
1.977	0.99989754197437
1.978	0.9998958150949268
1.979	0.9998940899636656
1.98	0.9998926204167139
1.981	0.9998908986452886
1.982	0.9998891786142318
1.983	0.9998877137744207
1.984	0.9998859970880102
1.985	0.9998845353315424
1.986	0.9998833281188139
1.987	0.9998818691807747
1.988	0.9998804117126057
1.989	0.9998794610857498
1.99	0.9998785114152
1.991	0.9998773102669593
1.992	0.9998763626316605
1.993	0.9998754159482222
1.994	0.9998742181632234
1.995	0.9998732735057885
1.996	0.9998723297957952
1.997	0.9998708836867513
1.998	0.9998694390273521
1.999	0.999868247235397
2	0.9998668053426839
2.001	0.9998651137252599
2.002	0.9998634238006209
2.003	0.999861233733777
2.004	0.9998592966478558
2.005	0.9998573614979369
2.006	0.9998554282811197
2.007	0.9998529961663493
2.008	0.999850566479911
2.009	0.9998481392181701
2.01	0.9998457143774986
2.011	0.9998432919542761
2.012	0.9998403723676402
2.013	0.9998377053540262
2.014	0.9998352905352003
2.015	0.9998328781190405
2.016	0.9998302188115136
2.017	0.9998273129818125
2.018	0.9998246590823903
2.019	0.9998215099831359
2.02	0.9998183640117053
2.021	0.9998149724935339
2.022	0.9998110872494875
2.023	0.9998072058615883
2.024	0.9998030800257268
2.025	0.999798710107095
2.026	0.9997938484193735
2.027	0.9997884956975884
2.028	0.9997829004796073
2.029	0.9997770631280875
2.03	0.9997707364486711
2.031	0.9997641686063825
2.032	0.9997573599620794
2.033	0.9997503108760828
2.034	0.9997430217081792
2.035	0.9997357397571439
2.036	0.9997284650122644
2.037	0.9997187305307773
2.038	0.9997114713945296
2.039	0.9997017549607309
2.04	0.9996920481471452
2.041	0.9996823509394925
2.042	0.9996702025513923
2.043	0.9996605257411788
2.044	0.9996484001822927
2.045	0.9996338295562213
2.046	0.9996192733852526
2.047	0.9996047316478881
2.048	0.9995902043226719
2.049	0.9995732392606771
2.05	0.9995562910374723
2.051	0.99953690998068
2.052	0.9995199965951568
2.053	0.9995006528000222
2.054	0.9994813282139466
2.055	0.9994620228083351
2.056	0.9994402931008587
2.057	0.9994210272055694
2.058	0.999399339424882
2.059	0.9993776731804657
2.06	0.9993535899426105
2.061	0.999331967910524
2.062	0.9993079312963054
2.063	0.9992839185619743
2.064	0.9992599296719689
2.065	0.9992359645907981
2.066	0.9992095922175366
2.067	0.9991856758821368
2.068	0.9991593546560033
2.069	0.999133059565664
2.07	0.9991067905722201
2.071	0.9990781227597468
2.072	0.9990519070776114
2.073	0.9990232949702134
2.074	0.9989947112722919
2.075	0.9989661559415672
2.076	0.9989376289358434
2.077	0.9989091302130081
2.078	0.9988782435059338
2.079	0.9988473874655542
2.08	0.9988189757989767
2.081	0.9987881797208868
2.082	0.9987574141741172
2.083	0.9987242690596388
2.084	0.9986935656700139
2.085	0.9986628926746263
2.086	0.9986298436682957
2.087	0.9985968274253972
2.088	0.9985638438972526
2.089	0.9985308930352799
2.09	0.9984979747909931
2.091	0.9984650891160023
2.092	0.998432235962013
2.093	0.9983970175279343
2.094	0.9983642304952104
2.095	0.9983290805370674
2.096	0.9982963594285875
2.097	0.9982612777447463
2.098	0.9982262307349455
2.099	0.9981912183478254
2.1	0.9981562405321277
2.101	0.9981189092791252
2.102	0.9980840016724184
2.103	0.9980491284827222
2.104	0.9980119053621371
2.105	0.9979771020697926
2.106	0.9979399511799468
2.107	0.9979028369353711
2.108	0.9978681387061683
2.109	0.9978310963732286
2.11	0.9977940905246165
2.111	0.9977571211064817
2.112	0.99772018806508
2.113	0.9976832913467727
2.114	0.9976464308980266
2.115	0.9976024938782617
2.116	0.9975799278098375
2.117	0.9975336981152205
2.118	0.9974875142140419
2.119	0.9974650369475693
2.12	0.9974189321757141
2.121	0.9973965099808628
2.122	0.997350484117517
2.123	0.9973045037343491
2.124	0.9972821696473846
2.125	0.9972362678307853
2.126	0.9971904113053137
2.127	0.9971681649060622
2.128	0.9971223866072058
2.129	0.997076653411501
2.13	0.9970544942823436
2.131	0.9970088389752728
2.132	0.9969632285844444
2.133	0.9969411563102986
2.134	0.9968956234720812
2.135	0.9968501353642558
2.136	0.9968281495325557
2.137	0.9967827386432625
2.138	0.996737372299562
2.139	0.9967154725002404
2.14	0.9966701830429233
2.141	0.9966249379474438
2.142	0.9966031237729128
2.143	0.9965579552335837
2.144	0.9965128308733733
2.145	0.9964911019185066
2.146	0.996446053786116
2.147	0.9964010496511542
2.148	0.9963794055132686
2.149	0.9963344772796843
2.15	0.9962895928628607
2.151	0.996268033141698
2.152	0.9962232243016843
2.153	0.9961784590987779
2.154	0.9961569833964868
2.155	0.9961122934476843
2.156	0.99609086977946
2.157	0.9960462548784612
2.158	0.9960016833213654
2.159	0.9959803430254827
2.16	0.9959358461965223
2.161	0.9959145575245232
2.162	0.9958701352193533
2.163	0.9958257559675882
2.164	0.9958045500277888
2.165	0.9957602449831477
2.166	0.9957390902611429
2.167	0.995694859221213
2.168	0.995650670946864
2.169	0.9956295983232281
2.17	0.9955854837398902
2.171	0.9955644619320042
2.172	0.9955204208391735
2.173	0.9954994496917131
2.174	0.9954554818896294
2.175	0.9954345612478809
2.176	0.9953906665375244
2.177	0.9953697962473808
2.178	0.9953259744304687
2.179	0.9953051543384278
2.18	0.9952614052174106
2.181	0.9952406351705717
2.182	0.9951969585486299
2.183	0.9951762383946907
2.184	0.9951326340757315
2.185	0.9951119636629854
2.186	0.995091312590637
2.187	0.9950478106289724
2.188	0.9950272090820605
2.189	0.9949837789474782
2.19	0.9949632267757418
2.191	0.9949426937884857
2.192	0.9948993653283965
2.193	0.9948788815026367
2.194	0.9948584167706237
2.195	0.994815189584939
2.196	0.9947947738019596
2.197	0.9947743770225308
2.198	0.9947312507133285
2.199	0.9947109026716783
2.2	0.9946905735439161
2.201	0.9946475477154257
2.202	0.9946272671153861
2.203	0.9946070053401017
2.204	0.9945867623633788
2.205	0.9945665381590721
2.206	0.9945236714219838
2.207	0.994503495411819
2.208	0.9944833380857828
2.209	0.9944631994179373
2.21	0.9944430793823928
2.211	0.9944229779533076
2.212	0.9943802985527338
2.213	0.9943602449256697
2.214	0.9943402098177692
2.215	0.9943201932033953
2.216	0.994300195056958
2.217	0.9942802153529143
2.218	0.9942602540657688
2.219	0.9942403111700725
2.22	0.9942203866404236
2.221	0.9942004804514668
2.222	0.9941805925778938
2.223	0.9941607229944427
2.224	0.9941408716758977
2.225	0.9941210385970897
2.226	0.9941012237328958
2.227	0.994081427058239
2.228	0.9940616485480884
2.229	0.9940418881774592
2.23	0.9940445520047583
2.231	0.9940248173508194
2.232	0.9940051007715256
2.233	0.9939854022420607
2.234	0.9939657217376539
2.235	0.9939684134796761
2.236	0.9939487585120996
2.237	0.993929121505277
2.238	0.9939095024346044
2.239	0.9939122143242873
2.24	0.9938926206515363
2.241	0.993873044851076
2.242	0.9938757692735913
2.243	0.9938562187722488
2.244	0.993836686079659
2.245	0.9938394229571735
2.246	0.9938199154654205
2.247	0.993800425719201
2.248	0.9938031749743754
2.249	0.9937837103312309
2.25	0.9937864645254385
2.251	0.993767024926703
2.252	0.9937697840378154
2.253	0.9937503694250172
2.254	0.9937531334310009
2.255	0.9937558949932157
2.256	0.9937365126247782
2.257	0.9937392790578071
2.258	0.9937199215392173
2.259	0.9937226928212389
2.26	0.9937254616585169
2.261	0.9937061362039602
2.262	0.9937089098664302
2.263	0.9937116810853174
2.264	0.993692387592754
2.265	0.9936951636131711
2.266	0.9936979371911827
2.267	0.9937007083300108
2.268	0.9937034770328714
2.269	0.9937062433029754
2.27	0.9936870033066784
2.271	0.9936897743487032
2.272	0.9936925429591477
2.273	0.9936953091412111
2.274	0.9936980728980869
2.275	0.9937008342329628
2.276	0.9937035931490216
2.277	0.9937063496494397
2.278	0.9937091037373885
2.279	0.9937118554160336
2.28	0.9937146046885352
2.281	0.9937173515580477
2.282	0.9937200960277206
2.283	0.9937228381006971
2.284	0.9937474475897667
2.285	0.9937501753678373
2.286	0.9937529007668782
2.287	0.9937556237900002
2.288	0.9937583444403089
2.289	0.9937828855377372
2.29	0.9937855919816103
2.291	0.9937882960701697
2.292	0.9938127927156206
2.293	0.9938154826568619
2.294	0.9938181702601773
2.295	0.9938426226013121
2.296	0.9938452961161113
2.297	0.9938697160234388
2.298	0.9938723754940427
2.299	0.9938967630427499
2.3	0.9938994085133142
2.301	0.9939237637783445
2.302	0.9939263952928595
2.303	0.993950718348914
2.304	0.9939533359512065
2.305	0.993977626872745
2.306	0.9940018973195682
2.307	0.9940044894677199
2.308	0.9940287278987054
2.309	0.9940529459252253
2.31	0.9940555127403093
2.311	0.9940796988690764
2.312	0.9941038646632904
2.313	0.9941280101485779
2.314	0.9941521353505223
2.315	0.9941546540286419
2.316	0.9941787475381544
2.317	0.9942028208336617
2.318	0.994226873940585
2.319	0.9942509068843025
2.32	0.9942749196901502
2.321	0.9942989123834219
2.322	0.9943228849893685
2.323	0.9943468375331991
2.324	0.9943707700400803
2.325	0.9943946825351372
2.326	0.9944185750434522
2.327	0.9944639287543479
2.328	0.9944877726518804
2.329	0.9945115966447203
2.33	0.9945354007577751
2.331	0.9945591850159103
2.332	0.9946043875788535
2.333	0.9946281235239905
2.334	0.9946518396955665
2.335	0.9946969487023702
2.336	0.9947206167438892
2.337	0.9947442650927848
2.338	0.9947892808675559
2.339	0.9948128812684233
2.34	0.9948578323442907
2.341	0.9948813849224886
2.342	0.9949262714509084
2.343	0.9949497763313729
2.344	0.9949945984633182
2.345	0.9950393843840708
2.346	0.9950628136565273
2.347	0.9951075354127077
2.348	0.9951522210827906
2.349	0.9951755750460115
2.35	0.9952201967823042
2.351	0.9952647825570038
2.352	0.9953093324135213
2.353	0.9953325835788316
2.354	0.9953770698117334
2.355	0.995421520250168
2.356	0.995465934937275
2.357	0.9955103139161249
2.358	0.9955546572297193
2.359	0.9955989649209904
2.36	0.9956432370328021
2.361	0.9956874736079493
2.362	0.9957316746891586
2.363	0.9957758403190878
2.364	0.995819970540327
2.365	0.9958640653953978
2.366	0.995908124926754
2.367	0.9959732993866857
2.368	0.9960172803996947
2.369	0.9960612262219491
2.37	0.9961051368956254
2.371	0.9961701311644269
2.372	0.9962139636928234
2.373	0.996257761204747
2.374	0.9963226189851246
2.375	0.9963663386329169
2.376	0.9964100233956996
2.377	0.9964747451511908
2.378	0.9965183523296538
2.379	0.9965829811621508
2.38	0.9966265109459364
2.381	0.996691047067118
2.382	0.9967555331755468
2.383	0.9967989432661567
2.384	0.9968633369849541
2.385	0.9969066701580802
2.386	0.9969709716972895
2.387	0.9970352235023586
2.388	0.997099425630832
2.389	0.9971425976541699
2.39	0.9972067080319144
2.391	0.997270768899993
2.392	0.9973347803156031
2.393	0.9973987423358537
2.394	0.9974626550177664
2.395	0.9975265184182754
2.396	0.9975903325942274
2.397	0.9976540976023817
2.398	0.9977178134994109
2.399	0.9977814803419008
2.4	0.9978450981863504
2.401	0.9979107562359069
2.402	0.9979763639308747
2.403	0.9980440090157072
2.404	0.9981116024028466
2.405	0.998181230388748
2.406	0.9982487198315736
2.407	0.9983182425442121
2.408	0.9983877123495902
2.409	0.9984592126612394
2.41	0.9985285761128257
2.411	0.9985978868379756
2.412	0.9986671448966191
2.413	0.9987342698715047
2.414	0.9987971842426492
2.415	0.9988579714575092
2.416	0.9989145555048384
2.417	0.9989648633782094
2.418	0.9990089019201792
2.419	0.9990466780799283
2.42	0.9990761237435859
2.421	0.9990993228551688
2.422	0.9991183562569237
2.423	0.9991311561551363
2.424	0.9991377300254308
2.425	0.9991422274896238
2.426	0.9991467212663163
2.427	0.9991491420248265
2.428	0.9991515607951594
2.429	0.9991539775797635
2.43	0.9991584591765587
2.431	0.999165003065215
2.432	0.9991736067423072
2.433	0.9991842677212541
2.434	0.9991969835322587
2.435	0.99920968906069
2.436	0.999222384319014
2.437	0.9992371303407953
2.438	0.9992518644831048
2.439	0.9992665867602903
2.44	0.9992812971866766
2.441	0.9992939380115663
2.442	0.9993086255916602
2.443	0.9993212452265888
2.444	0.9993338546936538
2.445	0.9993443995028874
2.446	0.9993549358011675
2.447	0.9993634107366932
2.448	0.9993718788200349
2.449	0.9993782888433537
2.45	0.9993846936750642
2.451	0.9993890437570501
2.452	0.9993933903097568
2.453	0.9993977333374776
2.454	0.9994000257631659
2.455	0.9994043625787298
2.456	0.9994086958814812
2.457	0.9994130256756865
2.458	0.9994193957510703
2.459	0.999423717718645
2.46	0.9994321204866266
2.461	0.9994405164964264
2.462	0.9994489057561944
2.463	0.9994593279920552
2.464	0.9994697418768596
2.465	0.9994801474206402
2.466	0.9994905446334136
2.467	0.9995009335251802
2.468	0.9995113141059248
2.469	0.9995216863856158
2.47	0.9995320503742058
2.471	0.9995403727983383
2.472	0.999548688558329
2.473	0.999556997662179
2.474	0.9995653001178763
2.475	0.9995715658728697
2.476	0.9995778266059008
2.477	0.9995861107698006
2.478	0.9995923606710991
2.479	0.9995986055691517
2.48	0.9996048454699635
2.481	0.999613105610652
2.482	0.9996193347316089
2.483	0.9996255588739207
2.484	0.9996317780435536
2.485	0.9996359702249296
2.486	0.9996421802678735
2.487	0.999646364938877
2.488	0.9996525658763454
2.489	0.9996567430556089
2.49	0.9996609168971422
2.491	0.9996630701991144
2.492	0.9996672381782437
2.493	0.9996693872307152
2.494	0.999671534564423
2.495	0.9996716661922814
2.496	0.9996738108972103
2.497	0.9996739415083111
2.498	0.9996740720148564
2.499	0.9996742024169717
2.5	0.9996743327147823
