# Wavelength(μm) Transmission
0.2	0.8563560754159513
0.20065	0.8561426997396048
0.2013	0.856037626181549
0.20195	0.8559332417782104
0.20261	0.8558361159300384
0.20328	0.8557461899312158
0.20395	0.8556568641235454
0.20462	0.8556732253399915
0.2053	0.855591228285365
0.20598	0.8555097804030071
0.20667	0.8554353395281109
0.20736	0.8553614004769722
0.20805	0.8552879581925397
0.20875	0.8552214152618018
0.20946	0.8551617105013064
0.21017	0.8552046750115154
0.21088	0.8551454297884249
0.2116	0.8550929126215597
0.21233	0.8550470612929992
0.21306	0.8551023892612144
0.21379	0.8550568181873179
0.21453	0.8550178026070682
0.21528	0.8550851000831258
0.21603	0.8550524536811546
0.21678	0.8551191682903522
0.21754	0.855092781897244
0.21831	0.8550727127520976
0.21908	0.8551508819750079
0.21986	0.8552345939796044
0.22064	0.855220299926851
0.22143	0.8553092215805453
0.22222	0.8553007814650402
0.22302	0.8553947872610619
0.22383	0.8554940968528746
0.22464	0.855496983249427
0.22545	0.8555952237423498
0.22628	0.8557045587628987
0.22711	0.855813108447179
0.22794	0.8558265123032794
0.22878	0.8559396671543522
0.22963	0.8560578030857948
0.23048	0.8561750837821486
0.23134	0.8562972610947435
0.23221	0.8564242670930095
0.23308	0.8565503435871087
0.23396	0.8566811651627946
0.23485	0.8568166641328312
0.23574	0.856951161181333
0.23664	0.8571812865447759
0.23755	0.8573245723042994
0.23846	0.8574667881408895
0.23938	0.8577034956157683
0.24031	0.8578542023848472
0.24125	0.8580092200259725
0.24219	0.8582521206582805
0.24314	0.8584098621604086
0.24409	0.8586548113464836
0.24506	0.8589085924985679
0.24603	0.8590726851835477
0.24701	0.859328227787503
0.248	0.8595870702940058
0.249	0.8597623617345082
0.25	0.8600227407322133
0.25101	0.8602862808466942
0.25203	0.8605529164830793
0.25306	0.860822582379104
0.2541	0.8610952136224351
0.25514	0.8614505611632111
0.2562	0.8617286361589301
0.25726	0.8620045082803368
0.25833	0.8623670445956457
0.25941	0.8626480702857404
0.2605	0.8629317397314398
0.2616	0.8633009270930138
0.26271	0.8636719971134852
0.26383	0.8639625821213719
0.26496	0.8643375484031146
0.26609	0.8647094906292252
0.26724	0.8650878285949586
0.2684	0.86546774691115
0.26957	0.8658491869332905
0.27074	0.8662274961172189
0.27193	0.8666919374745369
0.27313	0.8670773129281257
0.27434	0.8674639819352856
0.27556	0.8679310461185781
0.27679	0.8683198204529807
0.27803	0.8687882556804587
0.27928	0.8692571416720027
0.28054	0.869726426054067
0.28182	0.8702003503990293
0.28311	0.8706745030849938
0.2844	0.8711446092356326
0.28571	0.8716191044375177
0.28704	0.872174202438956
0.28837	0.8726484701640105
0.28972	0.8732025613295871
0.29108	0.8737559107690716
0.29245	0.8743084750753651
0.29384	0.8748641921860583
0.29524	0.8754189699758876
0.29665	0.8759727683643382
0.29808	0.8765294235311498
0.29952	0.877158551891912
0.30097	0.8777126097045731
0.30244	0.8783422258054567
0.30392	0.8789699272351856
0.30542	0.8795993767315976
0.30693	0.8802267766078016
0.30846	0.8808557203337886
0.31	0.8815539531591889
0.31156	0.882181757494101
0.31313	0.8828781205607882
0.31472	0.8835750275680251
0.31633	0.884272346680189
0.31795	0.8849665470547103
0.31959	0.8856609760509583
0.32124	0.8863521797725039
0.32292	0.8871157698180997
0.32461	0.8878753563480711
0.32632	0.8886341458824247
0.32804	0.8893888409389998
0.32979	0.8901457178377084
0.33155	0.890965878826102
0.33333	0.8917170135966823
0.33514	0.8925368115490805
0.33696	0.8933515336196082
0.3388	0.8941641387881041
0.34066	0.8950405536293096
0.34254	0.8958483125138879
0.34444	0.8967190785390082
0.34637	0.8975895233112055
0.34831	0.8984539145734602
0.35028	0.8993177231502012
0.35227	0.9002422868970461
0.35429	0.9011014148065284
0.35632	0.9020178405522641
0.35838	0.9029325180470364
0.36047	0.9039082775907272
0.36257	0.9048135961641472
0.36471	0.9057816336080873
0.36686	0.906741814408951
0.36905	0.9077013348653171
0.37126	0.9087167354229387
0.37349	0.9096646289452921
0.37576	0.9106722279025719
0.37805	0.9116732822718486
0.38037	0.9126699410462705
0.38272	0.9137220537192403
0.38509	0.914766748120163
0.3875	0.9158081498598728
0.38994	0.9168439659975907
0.39241	0.9178740633903423
0.3949	0.9189548297818002
0.39744	0.9200329490096489
0.4	0.9211024014674527
0.4026	0.9221668961862547
0.40523	0.9232816579417723
0.40789	0.9243887104761728
0.4106	0.9254914466951376
0.41333	0.9265844305875506
0.41611	0.9277287387644002
0.41892	0.9288084277083297
0.42177	0.9299367840202629
0.42466	0.9311127067157197
0.42759	0.93222550959698
0.43056	0.9333849337607095
0.43357	0.9345357225202159
0.43662	0.9356777322026197
0.43972	0.9368122180495793
0.44286	0.937990825341477
0.44604	0.9391066589358499
0.44928	0.9402683326567755
0.45255	0.9414708292380753
0.45588	0.9426129361710021
0.45926	0.9437974312769014
0.46269	0.9449718552106681
0.46617	0.9461360435671725
0.4697	0.947289842767876
0.47328	0.9484331098535629
0.47692	0.9496167842513099
0.48062	0.9507899613786822
0.48438	0.9519524366736288
0.48819	0.9531030813411023
0.49206	0.9542914548835155
0.496	0.9554204588680026
0.5	0.9565861549663062
0.50407	0.9577404800668503
0.5082	0.9588824272781332
0.5124	0.9600126451228774
0.51667	0.96117770247431
0.52101	0.9622835848359039
0.52542	0.9634233086891821
0.52991	0.9645048866912562
0.53448	0.9656199425891298
0.53913	0.9667222039870051
0.54386	0.9678114985514069
0.54867	0.9688876706561835
0.55357	0.9699951534690416
0.55856	0.9710453323731032
0.56364	0.972082416103446
0.56881	0.9731492463789189
0.57407	0.9742019900133777
0.57944	0.9751990679339253
0.58491	0.9761828508573286
0.59048	0.9771947858558713
0.59615	0.9781512081585194
0.60194	0.9791355239751042
0.60784	0.9800650871585791
0.61386	0.9810214826939717
0.62	0.9819238634806656
0.62626	0.9828520603606729
0.63265	0.983726965017265
0.63918	0.9845884784547432
0.64583	0.9854359856337388
0.65263	0.9862700594091475
0.65957	0.9870903386294445
0.66667	0.9878970844053074
0.67391	0.9886529316407786
0.68132	0.9894324012170397
0.68889	0.9901618343632121
0.69663	0.990878147445633
0.70455	0.9915459904678265
0.71264	0.9922362671002858
0.72093	0.9928788574708907
0.72941	0.9935089253351784
0.7381	0.9940927141955268
0.74699	0.9946646727741012
0.7561	0.9952248816386678
0.76543	0.9957405731553259
0.775	0.9962129558156778
0.78481	0.9967069638414869
0.79487	0.9971268354593538
0.80519	0.9975371768140606
0.81579	0.9979380024604646
0.82667	0.9982685646099559
0.83784	0.9985911313174095
0.84932	0.998876151034458
0.86111	0.9991539511432949
0.87324	0.9993670178940104
0.88571	0.9995744533774126
0.89855	0.9997203357998898
0.91176	0.9998621840761661
0.92537	0.999945682140886
0.93939	0.9999732460372933
0.95385	1
0.96875	1
0.98413	1
1	1
1.0164	1
1.0333	1
1.0508	1
1.069	1
1.0877	1
1.1071	1
1.1273	1
1.1481	1
1.1698	1
1.1923	1
1.2157	1
1.24	1
1.2653	1
1.2917	1
1.3191	1
1.3478	1
1.4419	1
1.4762	1
1.5122	1
1.55	1
1.5897	1
1.6316	1
1.6757	1
1.7222	1
1.7714	1
1.8235	1
1.8788	1
1.9375	1
2	1