# Wavemumber(μm) Transmission thickness = 20 nm
0.36	0.3578469623041401
0.3616	0.3602281809255966
0.3632	0.36260405587460526
0.3648	0.36497455395314526
0.3664	0.3673396432367828
0.368	0.3694468912924779
0.3696	0.3718005641463131
0.3712	0.3741487478883476
0.3728	0.3762376848364139
0.3744	0.37857432551488246
0.376	0.3806508854855292
0.3776	0.3824664420885959
0.3792	0.3845300032266396
0.3808	0.3863321543606491
0.3824	0.38812756492343536
0.384	0.3896611373753468
0.3856	0.39118796726184035
0.3872	0.39270808735339213
0.3888	0.3939667807831716
0.3904	0.3949647939227667
0.392	0.3959571573343618
0.3936	0.39669053404417814
0.3952	0.39741931435320677
0.3968	0.3978914415768023
0.3984	0.3981091076136436
0.4	0.3980749535076771
0.4016	0.39804107444116216
0.4032	0.39775945366959986
0.4048	0.39723354982183934
0.4064	0.396467213521685
0.408	0.39546466805367336
0.4096	0.39423048946423755
0.4112	0.3925295968874404
0.4128	0.39084914293206663
0.4144	0.38895281097033485
0.416	0.38661273268620905
0.4176	0.38430450358162194
0.4192	0.38134101295098893
0.4208	0.3784226511912049
0.4224	0.3751018435702997
0.424	0.3713943600316706
0.4256	0.3675338834811903
0.4272	0.36331426677609663
0.4288	0.3587532550485571
0.4304	0.3540759582678214
0.432	0.3488841656791821
0.4336	0.343606755490945
0.4352	0.33805642354430343
0.4368	0.33206174610777517
0.4384	0.32584215716880915
0.44	0.31960042586881077
0.4416	0.31280927156829247
0.4432	0.30603630900147755
0.4448	0.29911893395941797
0.4464	0.29207676209520955
0.448	0.28476925371094003
0.4496	0.2775394585989692
0.4512	0.27039189779242395
0.4528	0.26333078479826316
0.4544	0.2565018624224709
0.456	0.2500338766198262
0.4576	0.24390644564737707
0.4592	0.23836137406248875
0.4608	0.23348840780996533
0.4624	0.22961973209803827
0.464	0.22682192335838985
0.4656	0.22528990566445187
0.4672	0.2253490524459083
0.4688	0.22710597660137
0.4704	0.23082935331934865
0.472	0.23672105030241314
0.4736	0.24466159323843956
0.4752	0.2548259334763361
0.4768	0.26716452688499853
0.4784	0.28119128544954364
0.48	0.29662909525157577
0.4816	0.3131300061266634
0.4832	0.3300867897903864
0.4848	0.3471201662983012
0.4864	0.3639701478694448
0.488	0.3801465186605275
0.4896	0.39550527108223243
0.4912	0.4096979442943956
0.4928	0.42257514682189523
0.4944	0.43444268450846246
0.496	0.44498256781254864
0.4976	0.45432897998805727
0.4992	0.46264381781732655
0.5008	0.46987571674603706
0.5024	0.47645793163843375
0.504	0.4818866816735888
0.5056	0.48661612646124663
0.5072	0.4908749927543587
0.5088	0.49441079352550504
0.5104	0.497459503434059
0.512	0.5000166509580969
0.5136	0.5023250179492087
0.5152	0.5043834939613148
0.5168	0.5059452445943694
0.5184	0.5075021458129679
0.52	0.5090542128543908
0.5216	0.5103554923765998
0.5232	0.5116521089506306
0.5248	0.5129440834434239
0.5264	0.5142314366528514
0.528	0.5155141893069116
0.5296	0.5170376696741226
0.5312	0.5185564341069042
0.5321	0.5193780067254767
0.5328	0.5203158786066052
0.5344	0.5220707036929857
0.536	0.5243123814524512
0.5376	0.5265502554018835
0.5392	0.5292774898873384
0.5408	0.5322498835890986
0.5424	0.5354693447678173
0.544	0.5389381013380874
0.5456	0.5429087312859148
0.5472	0.5471363787808355
0.5488	0.5518772501373724
0.5504	0.557139856894467
0.552	0.5626778334052651
0.5536	0.5687545490244713
0.5552	0.5751215856097269
0.5568	0.5820479027329131
0.5584	0.5895476793484777
0.56	0.5973684449774183
0.5616	0.6057894717975153
0.5632	0.6145545322037544
0.5648	0.6236731364607089
0.5664	0.6334362717044755
0.568	0.6435806515408372
0.5696	0.6538291297896791
0.5712	0.664766754361771
0.5728	0.6758247096261564
0.5744	0.6873041251534199
0.576	0.698913125134814
0.5776	0.7109615490033695
0.5792	0.7228356606595948
0.5808	0.7348410235108287
0.5824	0.7469781700029197
0.584	0.7592476265271961
0.5856	0.7713188082751821
0.5872	0.7835145537650348
0.5888	0.795495649766047
0.5904	0.8069062479725799
0.592	0.8184175121398625
0.5936	0.8296782539219154
0.5952	0.8406770846417488
0.5968	0.8514029524247362
0.5984	0.8618451607770634
0.6	0.8716282029871641
0.6016	0.8811012009477788
0.6032	0.8902550704372452
0.6048	0.8990811573420306
0.6064	0.9075712502161244
0.608	0.9153391421271326
0.6096	0.9231322194243122
0.6112	0.9301850185576128
0.6128	0.9368701333553786
0.6144	0.9427964604199386
0.616	0.9487291973174761
0.6176	0.9542798219195847
0.6192	0.9594444754519404
0.6208	0.9638295246250939
0.6224	0.9682119155539577
0.624	0.9721999554209932
0.6256	0.9761838968052908
0.6272	0.9793784980799901
0.6288	0.9825672165764657
0.6304	0.9849643687828201
0.632	0.9877479070093235
0.6336	0.9897396905995189
0.6352	0.9917254261135321
0.6368	0.9933130264343957
0.6384	0.9948951912796874
0.64	0.9960807097281633
0.6416	0.9972617174780252
0.6432	0.9980481805072297
0.6448	0.9988313561063406
0.6464	0.9992226803256304
0.648	0.9996122242595671
0.6496	1
0.6512	1
0.6528	1
0.6544	1
0.656	1
0.6576	1
0.6592	0.9999645052081044
0.6608	0.9999750501323094
0.6624	0.9999836092161377
0.664	0.9999903103153872
0.6656	0.9999952045515582
0.6672	0.9999983802353154
0.6688	0.9999998632129607
0.6704	1
0.672	1
0.6736	1
0.6752	1
0.6768	1
0.6784	1
0.68	1
0.6816	1
0.6832	1
0.6848	1
0.6864	1
0.688	1
0.6896	1
0.6912	1
0.6928	1
0.6944	1
0.696	1
0.6976	1
0.6992	1
0.7008	1
0.7024	1
0.704	1
0.7056	1
0.7072	1
0.7088	1
0.7104	1
0.712	1
0.7136	1
0.7152	1
0.7168	1
0.7184	1
0.72	1
0.7216	1
0.7232	1
0.7248	1
0.7264	1
0.728	1
0.7296	1
0.7312	1
0.7328	1
0.7344	1
0.736	1
0.7376	1
0.7392	1
0.7408	1
0.7424	1
0.744	1
0.7456	1
0.7472	1
0.7488	1
0.7504	1
0.752	1
0.7536	1
0.7552	1
0.7568	1
0.7584	1
0.76	1
0.7616	1
0.7632	1
0.7648	1
0.7664	1
0.768	1
0.7696	1
0.7712	1
0.7728	1
0.7744	1
0.776	1
0.7776	1
0.7792	1
0.7808	1
0.7824	1
0.784	1
0.7856	1
0.7872	1
0.7888	1
0.7904	1
0.792	1
0.7936	1
0.7952	1
0.7968	1
0.7984	1
0.8	1
0.8016	1
0.8032	1
0.8048	1
0.8064	1
0.808	1
0.8096	1
0.8112	1
0.8128	1
0.8144	1
0.816	1
0.8176	1
0.8192	1
0.8208	1
0.8224	1
0.824	1
0.8256	1
0.8272	1
0.8288	1
0.8304	1
0.832	1
0.8336	1
0.8352	1
0.8368	1
0.8384	1
0.84	1
0.8416	1
0.8432	1
0.8448	1
0.8464	1
0.848	1
0.8496	1
0.8512	1
0.8528	1
0.8544	1
0.856	1
0.8576	1
0.8592	1
0.8608	1
0.8624	1
0.864	1
0.8656	1
0.8672	1
0.8688	1
0.8704	1
0.872	1
0.8736	1
0.8752	1
0.8768	1
0.8784	1
0.88	1
0.8816	1
0.8832	1
0.8848	1
0.8864	1
0.888	1
0.8896	1
0.8912	1
0.8928	1
0.8944	1
0.896	1
0.8976	1
0.8992	1
0.9008	1
0.9024	1
0.904	1
0.9056	1
0.9072	1
0.9088	1
0.9104	1
0.912	1
0.9136	1
0.9152	1
0.9168	1
0.9184	1
0.92	1
0.9216	1
0.9232	1
0.9248	1
0.9264	1
0.928	1
0.9296	1
0.9312	1
0.9328	1
0.9344	1
0.936	1
0.9376	1
0.9392	1
0.9408	1
0.9424	1
0.944	1
0.9456	1
0.9472	1
0.9488	1
0.9504	1
0.952	1
0.9536	1
0.9552	1
0.9568	1
0.9584	1
0.96	1
0.9616	1
0.9632	1
0.9648	1
0.9664	1
0.968	1
0.9696	1
0.9712	1
0.9728	1
0.9744	1
0.976	1
0.9776	1
0.9792	1
0.9808	1
0.9824	1
0.984	1
0.9856	1
0.9872	1
0.9888	1
0.9904	1
0.992	1
0.9936	1
0.9952	1
0.9968	1
0.9984	1
1	1