# Wavelength(μm) Extinction_cofficient
0.02993	0.15134
0.0301	0.15348
0.03028	0.15566
0.03046	0.15787
0.03063	0.16012
0.03081	0.1624
0.03099	0.16472
0.03118	0.16708
0.03136	0.16948
0.03154	0.17192
0.03173	0.17437
0.03191	0.17683
0.0321	0.1793
0.03229	0.18178
0.03248	0.18426
0.03267	0.18677
0.03286	0.19076
0.03305	0.19593
0.03325	0.20085
0.03344	0.2059
0.03364	0.21111
0.03383	0.21646
0.03403	0.22192
0.03423	0.22748
0.03443	0.23315
0.03463	0.23895
0.03484	0.24483
0.03504	0.25079
0.03524	0.2568
0.03545	0.26287
0.03566	0.26896
0.03587	0.27511
0.03608	0.28139
0.03629	0.28787
0.0365	0.29466
0.03672	0.30174
0.03693	0.30908
0.03715	0.31668
0.03736	0.32458
0.03758	0.33285
0.0378	0.3414
0.03803	0.35023
0.03825	0.35934
0.03847	0.36879
0.0387	0.37859
0.03892	0.38867
0.03915	0.39903
0.03938	0.40969
0.03961	0.42074
0.03984	0.43211
0.04008	0.44378
0.04031	0.45576
0.04055	0.46808
0.04079	0.48084
0.04102	0.49393
0.04127	0.50736
0.04151	0.52115
0.04175	0.53541
0.04199	0.55014
0.04224	0.56528
0.04249	0.58086
0.04274	0.5969
0.04299	0.61365
0.04324	0.63095
0.04349	0.64884
0.04375	0.66736
0.044	0.6867
0.04426	0.70704
0.04452	0.72831
0.04478	0.75064
0.04504	0.7742
0.04531	0.79997
0.04557	0.82569
0.04584	0.84962
0.04611	0.87054
0.04638	0.88717
0.04665	0.89661
0.04692	0.89908
0.0472	0.89358
0.04748	0.87961
0.04775	0.85652
0.04803	0.83121
0.04831	0.80529
0.0486	0.77948
0.04888	0.7544
0.04917	0.73113
0.04946	0.70972
0.04975	0.69031
0.05004	0.67302
0.05033	0.65819
0.05063	0.64579
0.05092	0.63391
0.05122	0.62219
0.05152	0.61048
0.05182	0.59881
0.05213	0.58718
0.05243	0.57557
0.05274	0.56397
0.05305	0.55231
0.05336	0.54004
0.05367	0.52627
0.05398	0.51101
0.0543	0.49435
0.05462	0.4762
0.05494	0.45687
0.05526	0.43685
0.05558	0.41647
0.05591	0.39612
0.05624	0.37753
0.05657	0.36317
0.0569	0.35251
0.05723	0.34526
0.05757	0.34133
0.0579	0.34077
0.05824	0.34254
0.05858	0.34639
0.05893	0.35211
0.05927	0.35967
0.05962	0.36727
0.05997	0.37217
0.06032	0.37366
0.06067	0.37193
0.06103	0.36635
0.06139	0.3583
0.06175	0.34799
0.06211	0.33565
0.06247	0.32132
0.06284	0.30554
0.06321	0.28938
0.06358	0.27491
0.06395	0.26488
0.06432	0.26868
0.0647	0.28192
0.06508	0.30264
0.06546	0.32988
0.06584	0.36305
0.06623	0.40235
0.06662	0.4208
0.06701	0.42195
0.0674	0.41439
0.0678	0.42197
0.06819	0.42605
0.06859	0.42632
0.06899	0.42255
0.0694	0.41467
0.0698	0.40039
0.07021	0.37699
0.07062	0.34402
0.07104	0.30173
0.07145	0.25091
0.07187	0.19663
0.07229	0.18043
0.07272	0.1988
0.07314	0.23825
0.07357	0.26063
0.074	0.28369
0.07444	0.30727
0.07487	0.33148
0.07531	0.35652
0.07575	0.38281
0.0762	0.40701
0.07664	0.42863
0.07709	0.44737
0.07754	0.46265
0.078	0.47396
0.07845	0.48106
0.07891	0.48744
0.07938	0.49816
0.07984	0.52381
0.08031	0.56154
0.08078	0.61207
0.08125	0.67192
0.08173	0.73135
0.08221	0.76813
0.08269	0.79207
0.08317	0.80809
0.08366	0.82149
0.08415	0.84146
0.08464	0.87191
0.08514	0.90995
0.08564	0.95058
0.08614	0.98657
0.08664	1.00914
0.08715	1.02004
0.08766	1.03073
0.08818	1.04964
0.08869	1.08341
0.08921	1.10604
0.08973	1.10882
0.09026	1.10334
0.09079	1.10652
0.09132	1.14904
0.09186	1.17056
0.09239	1.16813
0.09294	1.16375
0.09348	1.20858
0.09403	1.18658
0.09458	1.1934
0.09513	1.20877
0.09569	1.21466
0.09625	1.2143
0.09681	1.20283
0.09738	1.20297
0.09795	1.21229
0.09853	1.2204
0.0991	1.23608
0.09968	1.24588
0.10027	1.25371
0.10085	1.26154
0.10145	1.26937
0.10204	1.27721
0.10264	1.28505
0.10324	1.28712
0.10384	1.27971
0.10445	1.27653
0.10506	1.26424
0.10568	1.25731
0.1063	1.25522
0.10692	1.24875
0.10755	1.23288
0.10818	1.21302
0.10881	1.19711
0.10945	1.1904
0.11009	1.19418
0.11073	1.19081
0.11138	1.17496
0.11204	1.14022
0.11269	1.08255
0.11335	1.0344
0.11402	0.80575
0.11468	0.52516
0.11536	0.3277
0.11603	0.26419
0.11671	0.20104
0.1174	0.13826
0.11808	0.09393
0.11877	0.08774
0.11947	0.08158
0.12017	0.07573
0.12087	0.07022
0.12158	0.06476
0.12229	0.05932
0.12301	0.05392
0.12373	0.04854
0.12446	0.0432
0.12519	0.03789
0.12592	0.03261
0.12666	0.03024
0.1274	0.02824
0.12814	0.02625
0.1289	0.02428
0.12965	0.02231
0.13041	0.02036
0.13117	0.01983
0.13194	0.0195
0.13271	0.01916
0.13349	0.01883
0.13427	0.0185
0.13506	0.01817
0.13585	0.01777
0.13665	0.0171
0.13745	0.01643
0.13825	0.01578
0.13906	0.01512
0.13988	0.01447
0.1407	0.01382
0.14152	0.0135
0.14235	0.01333
0.14318	0.01317
0.14402	0.01301
0.14487	0.01285
0.14571	0.01269
0.14657	0.01247
0.14743	0.01197
0.14829	0.01146
0.14916	0.01096
0.15003	0.01046
0.15091	0.00997
0.1518	0.0097
0.15269	0.00954
0.15358	0.00937
0.15448	0.00921
0.15539	0.00885
0.15629	0.00846
0.15721	0.00808
0.15813	0.00769
0.15906	0.00732
0.15999	0.00695
0.16093	0.00662
0.16187	0.0063
0.16282	0.00598
0.16377	0.00577
0.16473	0.0056
0.1657	0.00544
0.16667	0.00528
0.16764	0.00516
0.16863	0.00506
0.16961	0.00497
0.17061	0.00488
0.17161	0.00477
0.17261	0.00458
0.17362	0.0044
0.17464	0.00422
0.17566	0.00404
0.17669	0.00386
0.17773	0.00368
0.17877	0.00351
0.17981	0.00341
0.18087	0.00342
0.18193	0.00332
0.18299	0.00318
0.18407	0.00304
0.18514	0.0029
0.18623	0.00277
0.18732	0.00272
0.18842	0.00266
0.18952	0.00261
0.19063	0.00256
0.19175	0.00253
0.19287	0.00251
0.194	0.00249
0.19514	0.00247
0.19628	0.00245
0.19743	0.00243
0.19859	0.00241
0.19975	0.00239
0.20092	0.00237
0.2021	0.00235
0.20328	0.00233
0.20447	0.00231
0.20567	0.00229
0.20687	0.00227
0.20808	0.00225
0.2093	0.00224
0.21053	0.00222
0.21176	0.0022
0.213	0.00218
0.21425	0.00217
0.21551	0.00215
0.21677	0.00213
0.21804	0.00212
0.21932	0.0021
0.2206	0.00208
0.22189	0.00207
0.22319	0.00205
0.2245	0.00204
0.22582	0.00202
0.22714	0.002
0.22847	0.00199
0.22981	0.00198
0.23115	0.00196
0.23251	0.00194
0.23387	0.00193
0.23524	0.00192
0.23662	0.0019
0.238	0.00189
0.2394	0.00187
0.2408	0.00186
0.24221	0.00185
0.24363	0.00183
0.24506	0.00182
0.24649	0.00181
0.24794	0.00179
0.24939	0.00178
0.25085	0.00177
0.25232	0.00175
0.2538	0.00174
0.25528	0.00173
0.25678	0.00172
0.25828	0.0017
0.2598	0.00169
0.26132	0.00168
0.26285	0.00167
0.26439	0.00166
0.26594	0.00164
0.2675	0.00163
0.26906	0.00162
0.27064	0.00161
0.27222	0.0016
0.27382	0.00159
0.27542	0.00158
0.27704	0.00157
0.27866	0.00155
0.28029	0.00154
0.28193	0.00153
0.28359	0.00152
0.28525	0.00151
0.28692	0.0015
0.2886	0.00149
0.29029	0.00148
0.29199	0.00147
0.2937	0.00146
0.29542	0.00145
0.29715	0.00144
0.29889	0.00143
0.30064	0.00142
0.3024	0.00141
0.30418	0.0014
0.30596	0.00139
0.30775	0.00138
0.30955	0.00137
0.31137	0.00136
0.31319	0.00136
0.31503	0.00135
0.31687	0.00134
0.31873	0.00133
0.32059	0.00132
0.32247	0.00131
0.32436	0.0013
0.32626	0.00129
0.32817	0.00128
0.33009	0.00128
0.33203	0.00127
0.33397	0.00126
0.33593	0.00125
0.3379	0.00124
0.33988	0.00123
0.34187	0.00123
0.34387	0.00122
0.34588	0.00121
0.34791	0.0012
0.34995	0.00119
0.352	0.00119
0.35406	0.00118
0.35613	0.00117
0.35822	0.00116
0.36032	0.00116
0.36243	0.00115
0.36455	0.00114
0.36669	0.00113
0.36884	0.00113
0.371	0.00112
0.37317	0.00111
0.37536	0.0011
0.37756	0.0011
0.37977	0.00109
0.38199	0.00108
0.38423	0.00108
0.38648	0.00107
0.38875	0.00106
0.39102	0.00106
0.39331	0.00105
0.39562	0.00104
0.39793	0.00104
0.40026	0.00103
0.40261	0.00102
0.40497	0.00102
0.40734	0.00101
0.40973	0.001
0.41213	9.97E-4
0.41454	9.91E-4
0.41697	9.84E-4
0.41941	9.78E-4
0.42187	9.72E-4
0.42434	9.66E-4
0.42683	9.6E-4
0.42933	9.54E-4
0.43184	9.48E-4
0.43437	9.42E-4
0.43692	9.36E-4
0.43948	9.3E-4
0.44205	9.24E-4
0.44464	9.18E-4
0.44724	9.13E-4
0.44986	9.07E-4
0.4525	9.01E-4
0.45515	8.96E-4
0.45782	8.9E-4
0.4605	8.85E-4
0.46319	8.79E-4
0.46591	8.74E-4
0.46864	8.68E-4
0.47138	8.63E-4
0.47415	8.57E-4
0.47692	8.52E-4
0.47972	8.47E-4
0.48253	8.42E-4
0.48535	8.36E-4
0.4882	8.31E-4
0.49106	8.26E-4
0.49393	8.21E-4
0.49683	8.16E-4
0.49974	8.11E-4
0.50266	8.06E-4
0.50561	8.01E-4
0.50857	7.96E-4
0.51155	7.91E-4
0.51455	7.86E-4
0.51756	7.81E-4
0.52059	7.77E-4
0.52364	7.72E-4
0.52671	7.67E-4
0.5298	7.62E-4
0.5329	7.58E-4
0.53602	7.53E-4
0.53916	7.49E-4
0.54232	7.44E-4
0.5455	7.39E-4
0.54869	7.35E-4
0.5519	7.3E-4
0.55514	7.26E-4
0.55839	7.21E-4
0.56166	7.17E-4
0.56495	7.13E-4
0.56826	7.08E-4
0.57159	7.04E-4
0.57494	7E-4
0.57831	6.96E-4
0.58169	6.91E-4
0.5851	6.87E-4
0.58853	6.83E-4
0.59198	6.79E-4
0.59544	6.75E-4
0.59893	6.71E-4
0.60244	6.67E-4
0.60597	6.63E-4
0.60952	6.59E-4
0.61309	6.55E-4
0.61668	6.51E-4
0.62029	6.47E-4
0.62393	6.43E-4
0.62758	6.39E-4
0.63126	6.35E-4
0.63496	6.31E-4
0.63868	6.27E-4
0.64242	6.24E-4
0.64618	6.2E-4
0.64997	6.16E-4
0.65377	6.12E-4
0.6576	6.09E-4
0.66146	6.05E-4
0.66533	6.01E-4
0.66923	5.98E-4
0.67315	5.94E-4
0.67709	5.91E-4
0.68106	5.87E-4
0.68505	5.84E-4
0.68906	5.8E-4
0.6931	5.77E-4
0.69716	5.73E-4
0.70124	5.7E-4
0.70535	5.66E-4
0.70948	5.63E-4
0.71364	5.59E-4
0.71782	5.56E-4
0.72202	5.53E-4
0.72625	5.49E-4
0.73051	5.46E-4
0.73479	5.43E-4
0.73909	5.4E-4
0.74342	5.36E-4
0.74778	5.33E-4
0.75215	5.3E-4
0.75656	5.27E-4
0.76099	5.24E-4
0.76545	5.21E-4
0.76994	5.18E-4
0.77444	5.14E-4
0.77898	5.11E-4
0.78354	5.08E-4
0.78814	5.05E-4
0.79275	5.02E-4
0.7974	4.99E-4
0.80207	4.96E-4
0.80677	4.93E-4
0.81149	4.9E-4
0.81625	4.88E-4
0.82103	4.85E-4
0.82584	4.82E-4
0.83067	4.79E-4
0.83554	4.76E-4
0.84044	4.73E-4
0.84536	4.7E-4
0.85031	4.68E-4
0.85529	4.65E-4
0.8603	4.62E-4
0.86534	4.59E-4
0.87041	4.57E-4
0.87551	4.54E-4
0.88064	4.51E-4
0.8858	4.49E-4
0.89099	4.46E-4
0.8962	4.43E-4
0.90146	4.41E-4
0.90673	4.38E-4
0.91205	4.35E-4
0.91739	4.33E-4
0.92276	4.3E-4
0.92817	4.28E-4
0.93361	4.25E-4
0.93908	4.23E-4
0.94458	4.2E-4
0.95011	4.18E-4
0.95568	4.15E-4
0.96127	4.13E-4
0.96691	4.1E-4
0.97257	4.08E-4
0.97827	4.05E-4
0.984	4.03E-4
0.98976	4.01E-4
0.99556	3.98E-4
1.00139	3.96E-4
1.00726	3.94E-4
1.01316	3.91E-4
1.01909	3.89E-4
1.02506	3.87E-4
1.03107	3.84E-4
1.03711	3.82E-4
1.04318	3.8E-4
1.04929	3.78E-4
1.05544	3.75E-4
1.06162	3.73E-4
1.06784	3.71E-4
1.0741	3.69E-4
1.08039	3.67E-4
1.08672	3.64E-4
1.09308	3.62E-4
1.09949	3.6E-4
1.10593	3.58E-4
1.11241	3.56E-4
1.11892	3.54E-4
1.12548	3.52E-4
1.13207	3.5E-4
1.1387	3.48E-4
1.14537	3.46E-4
1.15208	3.44E-4
1.15883	3.42E-4
1.16562	3.4E-4
1.17245	3.38E-4
1.17932	3.36E-4
1.18623	3.34E-4
1.19317	3.32E-4
1.20016	3.3E-4
1.20719	3.28E-4
1.21427	3.26E-4
1.22138	3.24E-4
1.22853	3.22E-4
1.23573	3.2E-4
1.24297	3.18E-4
1.25025	3.16E-4
1.25757	3.14E-4
1.26494	3.13E-4
1.27235	3.11E-4
1.2798	3.09E-4
1.2873	3.07E-4
1.29484	3.05E-4
1.30243	3.04E-4
1.31006	3.02E-4
1.31773	3E-4
1.32545	2.98E-4
1.33322	2.96E-4
1.34103	2.95E-4
1.34888	2.93E-4
1.35678	2.91E-4
1.36473	2.9E-4
1.37273	2.88E-4
1.38077	2.86E-4
1.38886	2.85E-4
1.39699	2.83E-4
1.40517	2.81E-4
1.41341	2.8E-4
1.42169	2.78E-4
1.43001	2.76E-4
1.43839	2.75E-4
1.44682	2.73E-4
1.45529	2.71E-4
1.46382	2.7E-4
1.47239	2.68E-4
1.48102	2.67E-4
1.48969	2.65E-4
1.49842	2.64E-4
1.5072	2.62E-4
1.51603	2.6E-4
1.52491	2.59E-4
1.53384	2.57E-4
1.54283	2.56E-4
1.55186	2.54E-4
1.56095	2.53E-4
1.5701	2.51E-4
1.5793	2.5E-4
1.58855	2.49E-4
1.59785	2.47E-4
1.60721	2.46E-4
1.61663	2.44E-4
1.6261	2.43E-4
1.63562	2.41E-4
1.64521	2.4E-4
1.65484	2.39E-4
1.66454	2.37E-4
1.67429	2.36E-4
1.6841	2.34E-4
1.69396	2.33E-4
1.70389	2.32E-4
1.71387	2.3E-4
1.72391	2.29E-4
1.734	2.28E-4
1.74416	2.26E-4
1.75438	2.25E-4
1.76466	2.24E-4
1.77499	2.22E-4
1.78539	2.21E-4
1.79585	2.2E-4
1.80637	2.18E-4
1.81695	2.17E-4
1.8276	2.16E-4
1.8383	2.15E-4
1.84907	2.13E-4
1.8599	2.12E-4
1.8708	2.11E-4
1.88176	2.1E-4
1.89278	2.08E-4
1.90387	2.07E-4
1.91502	2.06E-4
1.92624	2.05E-4
1.93752	2.04E-4
1.94887	2.02E-4
1.96029	2.01E-4
1.97177	2E-4
1.98332	1.99E-4
1.99494	1.98E-4
2.00663	1.97E-4