# Wavemumber(μm) Transmission
0.36	0.0003825533643871792
0.3616	0.00038343003469964716
0.3632	0.00038430096356149184
0.3648	0.00038620249517486453
0.3664	0.0003891363142229571
0.368	0.0003931122893536126
0.3696	0.0003960422419830808
0.3712	0.00040108106814083034
0.3728	0.00040720916620406533
0.3744	0.0004133773172873825
0.376	0.0004206804355696057
0.3776	0.00042916162135683676
0.3792	0.00043774005424970585
0.3808	0.00044756625885756406
0.3824	0.0004587022869567227
0.384	0.0004712203979689054
0.3856	0.0004839719808225874
0.3872	0.0004982185748133006
0.3888	0.0005127620907845634
0.3904	0.000530261680238606
0.392	0.0005482082960092624
0.3936	0.0005666089626573962
0.3952	0.0005869246097290044
0.3968	0.0006092992136309446
0.3984	0.0006323367269975177
0.4	0.0006576600597197873
0.4016	0.0006837835477650519
0.4032	0.0007107249530958438
0.4048	0.0007402925911137155
0.4064	0.0007708428667160386
0.408	0.000802399349620579
0.4096	0.0008369864334322017
0.4112	0.0008727776977341768
0.4128	0.0009098041025712413
0.4144	0.0009458571923766351
0.416	0.0009853640292890775
0.4176	0.0010261991739867694
0.4192	0.0010659001620670473
0.4208	0.0011093986814547032
0.4224	0.001148977719621109
0.424	0.0011924073549621657
0.4256	0.0012342875085685654
0.4272	0.0012773082702841367
0.4288	0.0013184732947876306
0.4304	0.0013575489068039233
0.432	0.001397480235296116
0.4336	0.0014317904261661352
0.4352	0.0014699884320797116
0.4368	0.001502157609316383
0.4384	0.001531360584208317
0.44	0.001560912695007394
0.4416	0.0015872876828052745
0.4432	0.0016067902017730213
0.4448	0.0016299773704541072
0.4464	0.0016460846969634576
0.448	0.00166223443761105
0.4496	0.0016747708219588481
0.4512	0.0016909813018912492
0.4528	0.0016998571410882482
0.4544	0.0017124063870774203
0.456	0.0017286710451577079
0.4576	0.0017449748281444474
0.4592	0.001765080758904567
0.4608	0.0017928874882140256
0.4624	0.0018286715706487494
0.464	0.0018728114246929473
0.4656	0.0019298520428247346
0.4672	0.0020049765546957684
0.4688	0.0020955859070195385
0.4704	0.002203362146377184
0.472	0.0023400655041324113
0.4736	0.0025100805249349276
0.4752	0.0027190750297136743
0.4768	0.00296819756526806
0.4784	0.003271589541029446
0.48	0.0036332093475802954
0.4816	0.004064948916079308
0.4832	0.004581637267058633
0.4848	0.005191316384860362
0.4864	0.00590102821967022
0.488	0.00674263863201777
0.4896	0.0077129956665489725
0.4912	0.008815275272273975
0.4928	0.010086390377144146
0.4944	0.011530735950277522
0.496	0.01314453020599645
0.4976	0.014912701217916114
0.4992	0.01690504030110388
0.5008	0.01907339909059041
0.5024	0.02141960907545041
0.504	0.023943402260280237
0.5056	0.026642203100596805
0.5072	0.029510950114161077
0.5088	0.032479324194182306
0.5104	0.035656260092083336
0.512	0.038971619633471025
0.5136	0.04232861549980138
0.5152	0.04577667818708114
0.5168	0.0493878592047434
0.5184	0.05305792581352632
0.52	0.05665430129514773
0.5216	0.0603565841144022
0.5232	0.06415561220681168
0.5248	0.06778749616005368
0.5264	0.07160101066417941
0.528	0.07518409684157454
0.5296	0.07892319962461201
0.5312	0.08236682077827366
0.5321	0.0844085275312772
0.5328	0.08593864972887338
0.5344	0.08947831242956938
0.536	0.09280128991334986
0.5376	0.09605150016081927
0.5392	0.09921471535727687
0.5408	0.10209171113614571
0.5424	0.10503441815435184
0.544	0.10784938675451305
0.5456	0.11052388542008221
0.5472	0.11284349453074831
0.5488	0.11519783386491275
0.5504	0.11737795789331369
0.552	0.11937418390161139
0.5536	0.12096342253776875
0.5552	0.12256447586322973
0.5568	0.12395892975751466
0.5584	0.1251412639257429
0.56	0.12610710190359284
0.5616	0.12707482715166987
0.5632	0.1275995020520448
0.5648	0.1279011945560706
0.5664	0.127980223431316
0.568	0.1278380595554475
0.5696	0.12747729709473918
0.5712	0.12690161564957816
0.5728	0.12611573399155715
0.5744	0.12512535609767306
0.576	0.12372638631315616
0.5776	0.12235067887818596
0.5792	0.12058890689764827
0.5808	0.11866157524636876
0.5824	0.11657901747914215
0.584	0.11416026832607204
0.5856	0.11180451121842098
0.5872	0.109144823058201
0.5888	0.10656234821031703
0.5904	0.10370955344513347
0.592	0.10094793729726988
0.5936	0.09827415583988346
0.5952	0.09552755791584558
0.5968	0.09287183740538318
0.5984	0.09045159973642829
0.6	0.08825089202552064
0.6016	0.08653695741383408
0.6032	0.0851413924797565
0.6048	0.08432039159252755
0.6064	0.08418924726141419
0.608	0.08460280417295332
0.6096	0.0859784948997663
0.6112	0.0883554954693953
0.6128	0.09166074567791324
0.6144	0.0962925997946676
0.616	0.10226536075215348
0.6176	0.10943974354391625
0.6192	0.11800673175367245
0.6208	0.12779883418725296
0.6224	0.13900193047733259
0.624	0.15064795714229912
0.6256	0.16320254548619773
0.6272	0.17590456936389817
0.6288	0.18834484646213567
0.6304	0.2003450743822106
0.632	0.21139757967425454
0.6336	0.22093903632087392
0.6352	0.22908545453097867
0.6368	0.23530583641694036
0.6384	0.23981456681430688
0.64	0.2421510767190093
0.6416	0.24226763458061024
0.6432	0.24054383577016386
0.6448	0.23667226269336672
0.6464	0.23112271960289554
0.648	0.22369036148355165
0.6496	0.21458037895550974
0.6512	0.2043398211189925
0.6528	0.19317888476394396
0.6544	0.18131473379311372
0.656	0.16947048900428238
0.6576	0.15821603828361477
0.6592	0.1490823961057002
0.6608	0.14114317106665067
0.6624	0.13565462372924864
0.664	0.13630918468247896
0.6656	0.14105764110574756
0.6672	0.15478094587638494
0.6688	0.17739451758252156
0.6704	0.2085977916653844
0.672	0.25235582582502786
0.6736	0.3059059922183574
0.6752	0.367802141457737
0.6768	0.4329687965425652
0.6784	0.49765117169087814
0.68	0.5593952655989632
0.6816	0.6141599016471411
0.6832	0.6624868014261021
0.6848	0.7032042119257504
0.6864	0.7377403919202331
0.688	0.7661216092320271
0.6896	0.7887003397871284
0.6912	0.807243369872849
0.6928	0.8226346588464607
0.6944	0.8335268896937088
0.696	0.8433237760314264
0.6976	0.8507958592860737
0.6992	0.8558964431031738
0.7008	0.8610041055598832
0.7024	0.8637048583974793
0.704	0.8664017489534417
0.7056	0.8690947724287382
0.7072	0.8705764714564623
0.7088	0.8732607599761707
0.7104	0.8747334282770942
0.712	0.8774090012898332
0.7136	0.8800807050684336
0.7152	0.8815395632350359
0.7168	0.8842025733609049
0.7184	0.8856525133249139
0.72	0.888306850743605
0.7216	0.8897479196845004
0.7232	0.8923936058539824
0.7248	0.8938258510159705
0.7264	0.8952540702340578
0.728	0.8978863765650202
0.7296	0.8993058473929788
0.7312	0.9019295660883468
0.7328	0.9033403357784597
0.7344	0.9047471505984815
0.736	0.9073576056491685
0.7376	0.9087557944441598
0.7392	0.9101500710317636
0.7408	0.9127473376651678
0.7424	0.9141330630807049
0.744	0.9155149186257556
0.7456	0.9180990726991486
0.7472	0.9194724516396733
0.7488	0.9208420027138051
0.7504	0.9222077403920841
0.752	0.9235696790858237
0.7536	0.9261316319045759
0.7552	0.9274852225513583
0.7568	0.9288350555811913
0.7584	0.9301811451977658
0.76	0.9315235055459352
0.7616	0.9328621507118651
0.7632	0.9341970947231862
0.7648	0.9355283515491504
0.7664	0.9380548808443291
0.768	0.939377996342721
0.7696	0.9406974649331535
0.7712	0.9420133003784045
0.7728	0.9433255163833936
0.7744	0.944634126595352
0.776	0.9459391446039939
0.7776	0.9472405839416895
0.7792	0.9473460158759819
0.7808	0.9486411564285602
0.7824	0.9499327596508065
0.784	0.9512208388242085
0.7856	0.9525054071740572
0.7872	0.9537864778696249
0.7888	0.9550640640243458
0.7904	0.9563381786959969
0.792	0.9576088348868795
0.7936	0.9576924669404416
0.7952	0.9589570681397919
0.7968	0.9602182504345981
0.7984	0.9614760265860125
0.8	0.9627304093008741
0.8016	0.9628033986683462
0.8032	0.9640518560128531
0.8048	0.9652969585289468
0.8064	0.965364607331826
0.808	0.9666038596986065
0.8096	0.9678397952585526
0.8112	0.9690724263048106
0.8128	0.9691323578984058
0.8144	0.9703592379212064
0.816	0.9715828507003682
0.8176	0.9716376653624016
0.8192	0.9728555994781264
0.8208	0.9729077892051985
0.8224	0.9741200914472139
0.824	0.9753291875309833
0.8256	0.9753764056390263
0.8272	0.9765799402249234
0.8288	0.9766246200959433
0.8304	0.9778226386591193
0.832	0.9790175105896548
0.8336	0.9790573593871351
0.8352	0.9802467837524669
0.8368	0.9802841780107292
0.8384	0.981468199016082
0.84	0.9815031691943049
0.8416	0.9826818305476916
0.8432	0.9827144066791059
0.8448	0.9838877515983124
0.8464	0.983917963297161
0.848	0.9839480619120481
0.8496	0.9851139109849829
0.8512	0.9851416834390159
0.8528	0.9863023207970276
0.8544	0.9863277957228236
0.856	0.9874832629189163
0.8576	0.9875064685532107
0.8592	0.9875295883028462
0.8608	0.988677770870467
0.8624	0.9886986577133734
0.864	0.989841770778079
0.8656	0.9898604520242598
0.8672	0.9898790646865742
0.8688	0.9910150381403567
0.8704	0.9910314803275841
0.872	0.9910478624478065
0.8736	0.9921767802925615
0.8752	0.992191026351344
0.8768	0.9922052206206434
0.8784	0.9922193633823554
0.88	0.9933392573710887
0.8816	0.9933513055575242
0.8832	0.9933633102364492
0.8848	0.9944763374457368
0.8864	0.9944862804177597
0.888	0.994496187658128
0.8896	0.9945060593591065
0.8912	0.9956103052433314
0.8928	0.9956181548189306
0.8944	0.9956259763717363
0.896	0.995633770051542
0.8976	0.9956415360070754
0.8992	0.9967351779884016
0.9008	0.9967409675019665
0.9024	0.9967467365187911
0.904	0.9967524851475305
0.9056	0.9967582134960732
0.9072	0.9978414491929029
0.9088	0.9978452453611419
0.9104	0.9978490282004492
0.912	0.9978527977809014
0.9136	0.9978565541720851
0.9152	0.9978602974431007
0.9168	0.9978640276625665
0.9184	0.9978677448986237
0.92	0.9989351576648704
0.9216	0.9989370053665604
0.9232	0.9989388466671384
0.9248	0.9989406815998105
0.9264	0.9989425101975536
0.928	0.9989443324931174
0.9296	0.9989461485190259
0.9312	0.9989479583075799
0.9328	0.9989497618908588
0.9344	0.9989515593007223
0.936	0.9989533505688123
0.9376	0.9989551357265549
0.9392	1
0.9408	1
0.9424	1
0.944	1
0.9456	1
0.9472	1
0.9488	1
0.9504	1
0.952	1
0.9536	1
0.9552	1
0.9568	1
0.9584	1
0.96	1
0.9616	1
0.9632	1
0.9648	1
0.9664	1
0.968	1
0.9696	0.9999035639767626
0.9712	0.9999142180151797
0.9728	0.9999241318654204
0.9744	0.9999334097384693
0.976	0.9999420547448881
0.9776	0.9999500699760722
0.9792	0.9999574585043978
0.9808	0.9999642233833675
0.9824	0.9999703676477548
0.984	0.9999758943137462
0.9856	0.9999808063790834
0.9872	0.9999852061103139
0.9888	0.9999889968610225
0.9904	0.9999921716791252
0.992	0.999994822466027
0.9936	0.9999969122896686
0.9952	0.9999984635502395
0.9968	0.9999994749053658
0.9984	0.9999999547414319
1	1