# Wavelength(μm) Transmission
0.2	0.613920806311393
0.20065	0.6148918776152472
0.2013	0.6198115089180739
0.20195	0.6207665016653104
0.20261	0.6256965327623114
0.20328	0.6266642540893745
0.20395	0.6276270992411921
0.20462	0.6325544352676682
0.2053	0.6335147251657574
0.20598	0.6344701180888717
0.20667	0.635917738604457
0.20736	0.6384220694031233
0.20805	0.6409195533253343
0.20875	0.6433269662104616
0.20946	0.6456438790291217
0.21017	0.6479533975898573
0.21088	0.6500618273176227
0.2116	0.6522729084960457
0.21233	0.6542958594394788
0.21306	0.6562143909674869
0.21379	0.6580286857544325
0.21453	0.659848385570977
0.21528	0.6614801603672036
0.21603	0.6630081740679521
0.21678	0.664432810774041
0.21754	0.6657669481596958
0.21831	0.6670108242373193
0.21908	0.6680566309066827
0.21986	0.6691089633041236
0.22064	0.6699646818387255
0.22143	0.6707323813421803
0.22222	0.6714005680993063
0.22302	0.6719819890347991
0.22383	0.6724772777554466
0.22464	0.672875247546916
0.22545	0.6731767785248721
0.22628	0.6734063155254455
0.22711	0.6735410754080913
0.22794	0.6736748805597773
0.22878	0.673726847128577
0.22963	0.6736978476933209
0.23048	0.6735772441626036
0.23134	0.67356052007466
0.23221	0.6734642637060431
0.23308	0.6733687395171297
0.23396	0.673194921628565
0.23485	0.6731238364632877
0.23574	0.6730532954615083
0.23664	0.6729945553730208
0.23755	0.6730364895069124
0.23846	0.6730781061696756
0.23938	0.6731305395722258
0.24031	0.673281674401466
0.24125	0.6735304164188216
0.24219	0.6737773184058322
0.24314	0.6742075418482154
0.24409	0.674634687933916
0.24506	0.6751669878107545
0.24603	0.6757817914721682
0.24701	0.6765751042923325
0.248	0.677373707214349
0.249	0.6783486190231012
0.25	0.6793171178835024
0.25101	0.6804600157464773
0.25203	0.6816909879526908
0.25306	0.6829245287510671
0.2541	0.6843296885833876
0.25514	0.6858106890563231
0.2562	0.6873872354377033
0.25726	0.6889543694662157
0.25833	0.6906900412919716
0.25941	0.6924255240131074
0.2605	0.6941606505222365
0.2616	0.6960624179274637
0.26271	0.697879497292069
0.26383	0.6998620953880973
0.26496	0.7017596597385604
0.26609	0.7037292678410612
0.26724	0.7056231302863047
0.2684	0.7075977340168244
0.26957	0.7095698289667092
0.27074	0.7114477450986318
0.27193	0.7133321302644925
0.27313	0.7152137977613661
0.27434	0.7170925946488266
0.27556	0.7188044534162561
0.27679	0.7205955703217338
0.27803	0.7223020716263218
0.27928	0.7239243407624218
0.28054	0.7254628008698842
0.28182	0.7270071790548898
0.28311	0.728468144624951
0.2844	0.7298381275606449
0.28571	0.7312143047114046
0.28704	0.7325161865341043
0.28837	0.7337284063805581
0.28972	0.7348674093207265
0.29108	0.736005340961535
0.29245	0.7370629315888139
0.29384	0.7381274139326763
0.29524	0.739112303035107
0.29665	0.7400967003810529
0.29808	0.7410098743547713
0.29952	0.7419228335505941
0.30097	0.7428355025096927
0.30244	0.7436778340501777
0.30392	0.7445201855452068
0.30542	0.7454463314760845
0.30693	0.7462952825619411
0.30846	0.7472270951219585
0.31	0.748082042517518
0.31156	0.749018923723491
0.31313	0.7498792789867073
0.31472	0.7508955982130556
0.31633	0.7518419405084363
0.31795	0.7528609815757265
0.31959	0.753884380560413
0.32124	0.754905307214632
0.32292	0.7560103589058098
0.32461	0.7571120544167376
0.32632	0.7582167816502761
0.32804	0.7593906736084731
0.32979	0.7605730456380478
0.33155	0.7618231830227655
0.33333	0.7630026058671145
0.33514	0.7643329780255745
0.33696	0.7655860258084154
0.3388	0.7669107598750138
0.34066	0.7683061806954736
0.34254	0.7696301185163972
0.34444	0.7710238134172704
0.34637	0.7724219761436785
0.34831	0.7738826316412715
0.35028	0.7753467203740043
0.35227	0.7768082957616602
0.35429	0.7783416957142747
0.35632	0.7799348888303106
0.35838	0.781529365254565
0.36047	0.7831247541898207
0.36257	0.7847781940342358
0.36471	0.7865044915726749
0.36686	0.7882194929644659
0.36905	0.7900056226195455
0.37126	0.7918516171818061
0.37349	0.793756586230457
0.37576	0.795729331324193
0.37805	0.7977590294183433
0.38037	0.7997834640369594
0.38272	0.8019339255546143
0.38509	0.8041385225588805
0.3875	0.8064053927403616
0.38994	0.8087288795002414
0.39241	0.8111079600637046
0.3949	0.8136020919515867
0.39744	0.8160933610415216
0.4	0.8186972576726674
0.4026	0.8213563430396633
0.40523	0.8240015846537487
0.40789	0.8267599883925658
0.4106	0.8295740565547374
0.41333	0.8324312709648923
0.41611	0.8353417699099583
0.41892	0.8382342047889642
0.42177	0.84117436784636
0.42466	0.844161093346733
0.42759	0.8471932232180299
0.43056	0.8502075695114019
0.43357	0.8532654421757355
0.43662	0.8563040919535454
0.43972	0.8593873927839227
0.44286	0.8624499217892357
0.44604	0.8655521866686758
0.44928	0.8686377917485418
0.45255	0.871697911276061
0.45588	0.8748003663554165
0.45926	0.8778810781275055
0.46269	0.8809394565274908
0.46617	0.8840345131759637
0.4697	0.8871056492213134
0.47328	0.8902114325804443
0.47692	0.8933527407450353
0.48062	0.8964695278986659
0.48438	0.8996194606182707
0.48819	0.9028573353743643
0.49206	0.9060673460844039
0.496	0.9093658028785772
0.5	0.912691352293271
0.50407	0.9161013364368055
0.5082	0.9195350872952124
0.5124	0.9229927392551234
0.51667	0.9265291172074047
0.52101	0.9301419694941772
0.52542	0.9338290660635834
0.52991	0.9375337557470439
0.53448	0.9412543831369626
0.53913	0.9450443910615526
0.54386	0.9487917887775402
0.54867	0.9525503428172101
0.55357	0.9563192973742961
0.55856	0.9599889498100975
0.56364	0.9636130290645246
0.56881	0.9671907878553565
0.57407	0.9706153050071683
0.57944	0.9739414999788705
0.58491	0.9771165772242635
0.59048	0.9800897495683059
0.59615	0.9829153724995755
0.60194	0.985544179146994
0.60784	0.9879275980415816
0.61386	0.9901206559115812
0.62	0.9920762365071565
0.62626	0.9937989269692248
0.63265	0.995293630934737
0.63918	0.9965653866870444
0.64583	0.9975707421168144
0.65263	0.9984127260865774
0.65957	0.9990002507425153
0.66667	0.9994346760056322
0.67391	0.9996271303984231
0.68132	0.9996772794004887
0.68889	0.9997264152864932
0.69663	0.9997745403952485
0.70455	0.9998216556665879
0.71264	0.9998236800806708
0.72093	0.999869277711663
0.72941	0.9998707973691805
0.7381	0.9999148771456164
0.74699	0.9999158901583072
0.7561	0.999916903527995
0.76543	0.9999589573418406
0.775	0.9999594641421989
0.78481	0.9999599708238237
0.79487	0.999960477429375
0.80519	0.9999609839743792
0.81579	0.9999614909209076
0.82667	1
0.83784	1
0.84932	1
0.86111	1
0.87324	1
0.88571	1
0.89855	1
0.91176	1
0.92537	1
0.93939	1
0.95385	1
0.96875	1
0.98413	1
1	1
1.0164	1
1.0333	1
1.0508	1
1.069	1
1.0877	1
1.1071	1
1.1273	1
1.1481	1
1.1698	1
1.1923	1
1.2157	1
1.24	1
1.2653	1
1.2917	1
1.3191	1
1.3478	1
1.4419	1
1.4762	1
1.5122	1
1.55	1
1.5897	1
1.6316	1
1.6757	1
1.7222	1
1.7714	1
1.8235	1
1.8788	1
1.9375	1
2	1