# Wavemumber(μm) Transmission
0.36	0.035131450781551575
0.362	0.03461809762857469
0.363	0.0338696872007405
0.365	0.03348564851622866
0.366	0.03283589222340445
0.368	0.03256867676603684
0.37	0.0323383249883489
0.371	0.03187837066921516
0.373	0.03178230887742862
0.374	0.03145768683943489
0.376	0.03151823440970757
0.378	0.03163920304705655
0.379	0.03156251566595887
0.381	0.031864812636835056
0.382	0.031939580636350086
0.384	0.03245598925478827
0.386	0.033037589228850923
0.387	0.033455770963330765
0.389	0.03430142569388237
0.39	0.034956805705777715
0.392	0.0360259230879518
0.394	0.037253960214007835
0.395	0.0383004574623331
0.397	0.03983895608365437
0.398	0.04116816549339846
0.4	0.04298914240444866
0.402	0.044952765207128625
0.403	0.04675679972101697
0.405	0.04903223412541293
0.406	0.05106584278131727
0.408	0.053652717460077694
0.41	0.05634346678174511
0.411	0.05878764375234026
0.413	0.06174112153050833
0.414	0.06432874871438386
0.416	0.06744837925655994
0.418	0.07068725629429459
0.419	0.0734620816342333
0.421	0.07673326535238859
0.422	0.07957055056261125
0.424	0.08284293845507018
0.426	0.08614354857275602
0.427	0.08896240996141008
0.429	0.09221553481623421
0.43	0.09487444717220214
0.432	0.09804152245514774
0.434	0.1011137122310321
0.435	0.10353857640074485
0.437	0.10646706217572069
0.438	0.10880856275754247
0.44	0.11156204433549394
0.442	0.11426508888357538
0.443	0.11625164787570237
0.445	0.11883228167598528
0.446	0.12067623633182324
0.448	0.12301582172833785
0.45	0.12537936349194942
0.451	0.12697985306368245
0.453	0.12917712308797744
0.454	0.13070157277875113
0.456	0.13282520006661633
0.458	0.13485698590023792
0.459	0.13620179066207463
0.461	0.13814725842311867
0.462	0.13950860512342186
0.464	0.14136263298848106
0.466	0.14333711839851915
0.467	0.14461009094080154
0.469	0.14648885620760765
0.47	0.14766010413235914
0.472	0.14955299633635372
0.474	0.15145387307523273
0.475	0.1527584629187282
0.477	0.15467404007859262
0.478	0.15599110416096013
0.48	0.15792113690992754
0.482	0.1599796450524464
0.483	0.16131646102396596
0.485	0.16339180320059715
0.486	0.16486509180907433
0.488	0.16695807565889909
0.49	0.16918600016095028
0.491	0.17068381606038913
0.493	0.17293202230065938
0.494	0.17457466668571198
0.496	0.17684405026026434
0.498	0.17925547819818832
0.499	0.18106020637443662
0.501	0.18349698168613138
0.502	0.18532468371725527
0.504	0.18792238932802358
0.506	0.19039836430959212
0.507	0.1924002560847515
0.509	0.19504174842416472
0.51	0.19721189412328488
0.512	0.19988418651576703
0.514	0.2027151441425729
0.515	0.20493329402748908
0.517	0.20779874744852003
0.518	0.21004923939782288
0.52	0.21294896823021725
0.522	0.21601680287166425
0.523	0.21831762075048478
0.525	0.2214236946794961
0.526	0.22391314154703815
0.528	0.22705882975473782
0.53	0.2302244691681058
0.531	0.232771267702043
0.532	0.2345318467931465
0.533	0.23597615512291678
0.534	0.23856081044384836
0.536	0.241969191939593
0.538	0.2452342148913209
0.539	0.24787752397790228
0.541	0.2513504533785278
0.542	0.25420392721438584
0.544	0.25754924670888774
0.546	0.26108780222021927
0.547	0.26400622955513403
0.549	0.26741183811718316
0.55	0.2703727951747498
0.552	0.2739986443009583
0.554	0.27764641175817556
0.555	0.28048961446910314
0.557	0.28417965987457566
0.558	0.2872496138126964
0.56	0.29098346543728093
0.562	0.29454769893206706
0.563	0.29768229993903117
0.565	0.30147922512438047
0.566	0.30446188251522266
0.568	0.3083001936362516
0.57	0.311959935996103
0.571	0.3152013767757392
0.573	0.31889869385922875
0.574	0.32197799263604
0.576	0.32571095667612027
0.578	0.32946091710111164
0.579	0.33259588385425704
0.581	0.3363810040145237
0.582	0.3395531138724197
0.584	0.3431588998429367
0.586	0.3469936946356895
0.587	0.3500019906072067
0.589	0.3536506207541654
0.59	0.3566894841545062
0.592	0.3603658452218197
0.594	0.36405495876394806
0.595	0.36691413773653436
0.597	0.3704027830981066
0.598	0.3735139269537784
0.6	0.3767961516525937
0.602	0.3803152792031067
0.603	0.383234610080393
0.605	0.38677437583617796
0.606	0.3894834126078851
0.608	0.39280663971688123
0.61	0.3961361514503396
0.611	0.3988723622002742
0.613	0.40221656255171984
0.614	0.40473081490414176
0.616	0.4080882193204224
0.618	0.41120891882012767
0.619	0.41398743148725753
0.621	0.4171186102313156
0.622	0.4196678296165238
0.624	0.4230551839671901
0.626	0.4261997893386383
0.627	0.4287689456339563
0.629	0.43192234030983523
0.63	0.4347557707341326
0.632	0.4379187461223839
0.634	0.44133816909818513
0.635	0.44394056171262236
0.637	0.44737143265428664
0.638	0.45024448938536993
0.64	0.4536877141905585
0.642	0.45739513379970675
0.643	0.4602937868835586
0.645	0.46427906746469383
0.646	0.4674604674451685
0.648	0.47146649762725806
0.65	0.47548188923995566
0.651	0.47896545903550464
0.653	0.4832721809134901
0.654	0.48732722739604084
0.656	0.49193627065164924
0.658	0.49656048930423535
0.659	0.5009516307195215
0.661	0.5061691573944668
0.662	0.5108912763529603
0.664	0.5161576153208841
0.666	0.5217315268053376
0.667	0.5268260286618731
0.669	0.5327470566468056
0.67	0.5384944150472082
0.672	0.5447792677323811
0.674	0.5510995197263352
0.675	0.5569726455592259
0.677	0.5636720583018267
0.678	0.5699397582964653
0.68	0.5770348393127867
0.682	0.5838637854081704
0.683	0.5905928345101827
0.685	0.5978288904234754
0.686	0.6043466163914606
0.688	0.6116777668757812
0.69	0.6187277076043197
0.691	0.6257230182800814
0.693	0.632861974638067
0.694	0.639629192264287
0.696	0.6465157105913967
0.698	0.653436270174051
0.699	0.6599988398735286
0.701	0.666647396842474
0.702	0.6729452628324737
0.704	0.6793059622554782
0.706	0.6853363843329456
0.707	0.6910250041478707
0.709	0.6967415374700534
0.71	0.7021234837344792
0.712	0.7075133520967951
0.714	0.7125502753078388
0.715	0.7172616402794703
0.717	0.7219519156900369
0.718	0.7259548678563454
0.72	0.72991843024404
0.722	0.7338814943428636
0.723	0.7371621458282683
0.725	0.7403830547978056
0.726	0.7432968275129324
0.728	0.7461405324574741
0.73	0.7486056393687097
0.731	0.7507712906109346
0.733	0.7528544236435543
0.734	0.7546428633545397
0.736	0.7559686204332022
0.738	0.7572895020187325
0.739	0.7583219831230825
0.741	0.7592617371525597
0.742	0.7595436052286043
0.744	0.7601053801048698
0.746	0.7602930572379081
0.747	0.7598303066932414
0.749	0.7596482033892082
0.75	0.7588197532691339
0.752	0.7582737486930724
0.754	0.7577310304472997
0.755	0.7561823307630137
0.757	0.755285080800956
0.758	0.7533884040894782
0.76	0.7521445815647244
0.762	0.7505502908742567
0.763	0.7483265087782767
0.765	0.7464008111559659
0.766	0.7442033579597397
0.768	0.7419542728854623
0.77	0.7397236155780023
0.771	0.7368716031574136
0.773	0.7346778778803766
0.774	0.7318627489892018
0.776	0.729705173616336
0.778	0.7272242823287477
0.779	0.7248040407439826
0.781	0.722698870646721
0.782	0.7203086514252415
0.784	0.7185698645972487
0.786	0.717176529963883
0.787	0.7154889025423471
0.789	0.7144445027853541
0.79	0.7137602081215357
0.792	0.713382828074324
0.794	0.7136623504605903
0.795	0.7142925995090287
0.797	0.7155500127262944
0.798	0.7171590293821744
0.8	0.7197197816323095
0.802	0.7232621055909453
0.803	0.7271750756121222
0.805	0.7320464080852849
0.806	0.7376468123193249
0.808	0.7438844262800941
0.81	0.7511567606609091
0.811	0.75854611140207
0.813	0.7672719854132038
0.814	0.7758129947633828
0.816	0.7853623816763202
0.818	0.7953360003161726
0.819	0.8051738910078315
0.821	0.8153120221356456
0.822	0.8257010505849897
0.824	0.8360084714762821
0.826	0.8460203718249868
0.827	0.8559421196611244
0.829	0.8657255348680816
0.83	0.8746643045562212
0.832	0.8838048797211012
0.834	0.8922163832147304
0.835	0.9001613314827094
0.837	0.9078669336222818
0.838	0.9151069111456615
0.84	0.9216758137197218
0.842	0.927858655562098
0.843	0.9339777887913057
0.845	0.939380724844291
0.846	0.9439122023221879
0.848	0.9485139537963866
0.85	0.953116326100701
0.851	0.956850790775223
0.853	0.9602260264539473
0.854	0.9635554542509145
0.856	0.9665150704498251
0.858	0.9690582332580935
0.859	0.9715636210602056
0.861	0.974099360310757
0.862	0.9757777255999278
0.864	0.9778932572344956
0.866	0.9795912599233235
0.867	0.9808506165423556
0.869	0.9821290881680828
0.87	0.983384426199599
0.872	0.9846559613048438
0.874	0.9855123030573611
0.875	0.9863499987490659
0.877	0.987201008218183
0.878	0.9880353442920534
0.88	0.98847163390331
0.882	0.988906136221818
0.883	0.9893268530601971
0.885	0.9897583224412018
0.886	0.9901770130945393
0.888	0.9906054775863549
0.89	0.9906264896182909
0.891	0.9910422202055209
0.893	0.991466718022903
0.894	0.9914762222849235
0.896	0.9918985143850142
0.898	0.9919164846582583
0.899	0.9923276150768559
0.901	0.99234458054178
0.902	0.9927540452233972
0.904	0.9927700180050085
0.906	0.993185333912529
0.907	0.9931928216952474
0.909	0.9936060120827876
0.91	0.9936130159565593
0.912	0.9940240990631889
0.914	0.994037136368742
0.915	0.9944396186844299
0.917	0.9944517123101208
0.918	0.9948525944863557
0.92	0.9948637557116431
0.922	0.9948748686395328
0.923	0.9952732896735824
0.925	0.9952834854485927
0.926	0.9952885668592623
0.928	0.9956896265421851
0.93	0.9956988761989588
0.931	0.996093314318547
0.933	0.9961016724342732
0.934	0.9961058380952252
0.936	0.996502048024518
0.938	0.99650949331245
0.939	0.9965132040837561
0.941	0.996520602006999
0.942	0.9969098819563712
0.944	0.996916418712343
0.946	0.996922927871345
0.947	0.9973098833300539
0.949	0.9973155450849175
0.95	0.9973183670347389
0.952	0.9973239931728124
0.954	0.9973295957527476
0.955	0.9977130395206133
0.957	0.9977178134994109
0.958	0.9977201930224255
0.96	0.9977249372133726
0.962	0.9977296617003723
0.963	0.9981096563074642
0.965	0.9981135704205605
0.966	0.9981155214050256
0.968	0.9981194112924582
0.97	0.9981232851541841
0.971	0.9981252161063237
0.973	0.9985029726503631
0.974	0.9985045084895778
0.976	0.9985075707334233
0.978	0.998510620462088
0.979	0.9985121406571791
0.981	0.9985151717564397
0.982	0.9985166826795178
0.984	0.9988895659282904
0.986	0.9988918170815603
0.987	0.9988929392388843
0.989	0.9988951767494654
0.99	0.9988962921164602
0.992	0.9988985161079961
0.994	0.9989007311547896
0.995	0.9989018353407544
0.997	0.9989040370712763
0.998	0.9992699564956611
1	0.9992714160506425
