# Wavemumber(cm^-1) Transmission
27397.26027	0.926416764
27322.40437	0.926508445
27247.9564	0.926625018
27173.91304	0.926715655
27100.271	0.926831061
27027.02703	0.926971042
26954.1779	0.927085168
26881.72043	0.927223752
26809.65147	0.927361613
26737.96791	0.927498758
26666.66667	0.927660059
26595.74468	0.927820531
26525.19894	0.927980179
26455.02646	0.928163693
26385.22427	0.928346276
26315.78947	0.928527933
26246.71916	0.928708672
26178.01047	0.928912946
26109.66057	0.929140585
26041.66667	0.929342763
25974.02597	0.929568208
25906.73575	0.929816755
25839.79328	0.930039923
25773.19588	0.930286097
25706.94087	0.930555119
25641.02564	0.930798845
25575.44757	0.931065326
25510.20408	0.931354408
25445.29262	0.931642108
25380.71066	0.931928436
25316.4557	0.932213401
25252.52525	0.932520687
25188.91688	0.932826525
25125.62814	0.933130926
25062.65664	0.933457419
25000	0.933782392
24937.65586	0.934105857
24875.62189	0.934427824
24813.89578	0.934771622
24752.47525	0.935113843
24691.35802	0.935454498
24630.54187	0.935793598
24570.02457	0.936131155
24509.80392	0.936467177
24449.87775	0.936801676
24390.2439	0.937134662
24330.90024	0.937489075
24271.84466	0.937819018
24213.07506	0.938147478
24154.58937	0.938474465
24096.38554	0.93879999
24038.46154	0.939124062
23980.81535	0.939424043
23923.44498	0.939745284
23866.34845	0.940042547
23809.52381	0.940360995
23752.96912	0.940678038
23696.68246	0.940993684
23640.66194	0.941330314
23584.90566	0.941665477
23529.41176	0.942043746
23474.1784	0.94242039
23419.20375	0.942862013
23364.48598	0.943346091
23310.02331	0.943872396
23255.81395	0.944462785
23201.85615	0.945138978
23148.14815	0.945900566
23094.68822	0.946747165
23041.47465	0.947678419
22988.50575	0.948693996
22935.77982	0.949815491
22883.29519	0.950998801
22831.05023	0.952265594
22779.04328	0.953571964
22727.27273	0.954917811
22675.73696	0.95630304
22624.43439	0.957662215
22573.36343	0.959038936
22522.52252	0.960389675
22471.91011	0.961692781
22421.52466	0.962970094
22371.36465	0.964178321
22321.42857	0.965360997
22271.71492	0.966474926
22222.22222	0.967541949
22172.949	0.968540641
22123.89381	0.969492811
22075.05519	0.970398635
22026.43172	0.971236788
21978.02198	0.972050499
21929.82456	0.972796976
21881.83807	0.97351934
21834.06114	0.974196314
21786.49237	0.974828104
21739.13043	0.975414918
21691.97397	0.975978254
21645.02165	0.976518226
21598.27214	0.977013733
21551.72414	0.977486175
21505.37634	0.977914528
21459.22747	0.978341228
21413.27623	0.97872204
21367.52137	0.979084547
21321.96162	0.979420448
21276.59574	0.979731982
21231.42251	0.980021374
21186.44068	0.980286657
21141.64905	0.980532134
21097.04641	0.980753755
21052.63158	0.98095373
21008.40336	0.981134257
20964.36059	0.981293378
20920.50209	0.981431218
20876.82672	0.981549961
20833.33333	0.981647663
20790.02079	0.981726502
20746.88797	0.981784543
20703.93375	0.981823955
20661.15702	0.981844851
20618.5567	0.981847344
20576.13169	0.981831549
20533.8809	0.981797578
20491.80328	0.981745545
20449.89775	0.981677582
20408.16327	0.981591776
20366.59878	0.98149226
20325.20325	0.981377116
20283.97566	0.981250447
20242.91498	0.981110331
20202.0202	0.980958847
20161.29032	0.980800046
20120.72435	0.980633975
20080.32129	0.980462661
20040.08016	0.980290088
20000	0.980118236
19960.07984	0.979956932
19920.31873	0.979800221
19880.71571	0.979644158
19841.26984	0.979508277
19801.9802	0.979392449
19762.84585	0.979316006
19723.86588	0.97923987
19685.03937	0.979222173
19646.36542	0.979243227
19607.84314	0.979283502
19569.47162	0.979381423
19531.25	0.979536668
19493.17739	0.979729731
19455.25292	0.979998747
19417.47573	0.980305063
19379.84496	0.980667604
19342.35977	0.981088013
19305.01931	0.981558412
19267.82274	0.982074777
19230.76923	0.982633119
19193.85797	0.983231372
19157.08812	0.983859905
19120.45889	0.984512928
19083.96947	0.985184681
19047.61905	0.985869432
19011.40684	0.98655771
18975.33207	0.987243853
18939.39394	0.987925991
18903.59168	0.988594747
18867.92453	0.989246417
18832.39171	0.989879193
18796.99248	0.990487532
18761.72608	0.991071528
18726.59176	0.991627544
18691.58879	0.99215569
18656.71642	0.992654217
18621.97393	0.993125108
18587.36059	0.993564764
18552.8757	0.993977028
18518.51852	0.994360166
18484.28835	0.994714309
18450.1845	0.995043276
18416.20626	0.995347184
18382.35294	0.995626148
18348.62385	0.995882121
18315.01832	0.996117047
18281.53565	0.996332857
18248.17518	0.996529646
18214.93625	0.996709329
18181.81818	0.99687017
18148.82033	0.9970159
18115.94203	0.997144779
18083.18264	0.997260518
18050.54152	0.997361374
18018.01802	0.997449229
17985.61151	0.99752415
17953.32136	0.997586204
17921.14695	0.997635458
17889.08766	0.997673772
17857.14286	0.997701205
17825.31194	0.997717813
17793.59431	0.99772187
17761.98934	0.997715222
17730.49645	0.997697928
17699.11504	0.997668269
17667.84452	0.997628084
17636.6843	0.997575661
17605.6338	0.997511067
17574.69244	0.997434369
17543.85965	0.997343872
17513.13485	0.997239655
17482.51748	0.997121794
17452.00698	0.996985116
17421.60279	0.99683322
17391.30435	0.996660966
17361.11111	0.996470207
17331.02253	0.996255845
17301.03806	0.996016285
17271.15717	0.995748218
17241.37931	0.99545009
17211.70396	0.995118638
17182.13058	0.994747197
17152.65866	0.994330872
17123.28767	0.99386653
17094.01709	0.993347657
17064.84642	0.9927644
17035.77513	0.992110407
17006.80272	0.991376009
16977.92869	0.990555037
16949.15254	0.989634656
16920.47377	0.988607246
16891.89189	0.987465303
16863.40641	0.986201451
16835.01684	0.98481345
16806.72269	0.983309107
16778.52349	0.981699491
16750.41876	0.980012071
16722.40803	0.97825095
16694.49082	0.976498857
16666.66667	0.974755727
16638.93511	0.973119155
16611.29568	0.971620551
16583.74793	0.970355672
16556.29139	0.969370867
16528.92562	0.968744388
16501.65017	0.968521973
16474.46458	0.968733435
16447.36842	0.969376917
16420.36125	0.970451149
16393.44262	0.971859335
16366.61211	0.973521198
16339.86928	0.975340659
16313.2137	0.977221671
16286.64495	0.979100167
16260.1626	0.980912006
16233.76623	0.98260904
16207.45543	0.98418803
16181.22977	0.985620125
16155.08885	0.986916622
16129.03226	0.988080853
16103.05958	0.989124201
16077.17042	0.990056472
16051.36437	0.990889084
16025.64103	0.991631852
16000	0.992296182
15974.44089	0.99289186
15948.96332	0.993427058
15923.56688	0.993906741
15898.25119	0.994339041
15873.01587	0.994728885
15847.86054	0.995082766
15822.78481	0.995403985
15797.78831	0.995694247
15772.87066	0.995959988
15748.0315	0.996202882
15723.27044	0.996424596
15698.58713	0.996628361
15673.98119	0.996815822
15649.45227	0.996988614
15625	0.9971468
15600.62402	0.997293567
15576.32399	0.997430528
15552.09953	0.997556164
15527.95031	0.997673639
15503.87597	0.997782987
15479.87616	0.997885797
15455.95054	0.997980546
15432.09877	0.998068818
15408.32049	0.998152187
15384.61538	0.998230675
15360.9831	0.998304304
15337.42331	0.998373093
15313.93568	0.998437066
15290.51988	0.998498237
15267.17557	0.9985557
15243.90244	0.998610084
15220.70015	0.998661402
15197.56839	0.998709972
15174.50683	0.99875596
15151.51515	0.998799528
15128.59304	0.99884084
15105.74018	0.998880208
15082.95626	0.99891749
15060.24096	0.998952998
15037.59398	0.998986889
15015.01502	0.999019022
14992.50375	0.999049703
14970.05988	0.999079091
14947.68311	0.999107041
14925.37313	0.999133709
14903.12966	0.999159399
14880.95238	0.999183818
14858.84101	0.999207121
14836.79525	0.999229609
14814.81481	0.999251139
14792.89941	0.999271713
14771.04874	0.999291486
14749.26254	0.999310459
14727.5405	0.999328785
14705.88235	0.999346319
14684.28781	0.999363211
14662.7566	0.999379465
14641.28843	0.999395084
14619.88304	0.999410069
14598.54015	0.999424571
14577.25948	0.999438591
14556.04076	0.999451986
14534.88372	0.99946505
14513.7881	0.999477638
14492.75362	0.999489753
14471.78003	0.999501398
14450.86705	0.999512718
14430.01443	0.999523716
14409.2219	0.999534247
14388.48921	0.999544604
14367.81609	0.999554499
14347.2023	0.999564076
14326.64756	0.999573339
14306.15165	0.999582287
14285.71429	0.999591066
14265.33524	0.999599534
14245.01425	0.999607691
14224.75107	0.999615682
14204.54545	0.999623508
14184.39716	0.999630884
14164.30595	0.999638239
14144.27157	0.99964529
14124.29379	0.999652178
14104.37236	0.999658905
14084.50704	0.99966533
14064.69761	0.999671596
14044.94382	0.999677845
14025.24544	0.999683793
14005.60224	0.999689585
13986.01399	0.99969522
13966.48045	0.999700698
13947.00139	0.999706162
13927.5766	0.99971133
13908.20584	0.999716484
13888.88889	0.999721345
13869.62552	0.999726192
13850.41551	0.999730886
13831.25864	0.999735568
13812.1547	0.999739959
13793.10345	0.999744337
13774.10468	0.999748704
13755.15818	0.999752782
13736.26374	0.99975685
13717.42112	0.999760906
13698.63014	0.999764675
13679.89056	0.999768434
13661.20219	0.999772183
13642.5648	0.999775785
13623.9782	0.999779377
13605.44218	0.999782822
13586.95652	0.999786121
13568.52103	0.999789412
13550.1355	0.999792693
13531.79973	0.99979583
13513.51351	0.999798958
13495.27665	0.999801942
13477.08895	0.999804919
13458.9502	0.999807751
13440.86022	0.999810577
13422.81879	0.999813394
13404.82574	0.99981607
13386.88086	0.999818738
13368.98396	0.999821399
13351.13485	0.999823919
13333.33333	0.999826432
13315.57923	0.999828804
13297.87234	0.999831304
13280.21248	0.99983353
13262.59947	0.999835884
13245.03311	0.999838098
13227.51323	0.999840307
13210.03963	0.999842509
13192.61214	0.999844706
13175.23057	0.999846765
13157.89474	0.999848818
13140.60447	0.999850866
13123.35958	0.999852777
13106.1599	0.999854682
13089.00524	0.999856583
13071.89542	0.999858478
13054.83029	0.999860369
13037.80965	0.999862123
13020.83333	0.999863874
13003.90117	0.999865619
12987.01299	0.99986736
12970.16861	0.999868966
12953.36788	0.99987062
12936.61061	0.999872231
12919.89664	0.999873825
12903.22581	0.999875375
12886.59794	0.999876909
12870.01287	0.999878413
12853.47044	0.999879887
12836.97047	0.999881344
12820.51282	0.999882772
12804.09731	0.999884184
12787.72379	0.999885566
12771.39208	0.999886919
12755.10204	0.999888255
12738.8535	0.999889576
12722.64631	0.999890867
12706.4803	0.999892143
12690.35533	0.999893389
12674.27123	0.99989462
12658.22785	0.999895835
12642.22503	0.999897021
12626.26263	0.999898192
12610.34048	0.999899347
12594.45844	0.999900487
12578.61635	0.999901611
12562.81407	0.999902707
12547.05144	0.9999038
12531.32832	0.999904865
12515.64456	0.999905915
12500	0.99990695
12484.39451	0.99990797
12468.82793	0.999908975
12453.30012	0.999909964
12437.81095	0.999910939
12422.36025	0.999911899
12406.94789	0.999912844
12391.57373	0.999913786
12376.23762	0.999914702
12360.93943	0.999915602
12345.67901	0.999916501
12330.45623	0.999917385
12315.27094	0.999918241
12300.123	0.999919096
12285.01229	0.999919949
12269.93865	0.999920775
12254.90196	0.999921599
12239.90208	0.999922396
12224.93888	0.999923204
12210.01221	0.999923985
12195.12195	0.999924764
12180.26797	0.999925517
12165.45012	0.99992628
12150.66829	0.999927017
12135.92233	0.999927752
12121.21212	0.999928473
12106.53753	0.999929193
12091.89843	0.999929886
12077.29469	0.99993059
12062.72618	0.999931268
12048.19277	0.999931944
12033.69434	0.999932619
12019.23077	0.999933268
12004.80192	0.999933927
11990.40767	0.999934561
11976.0479	0.999935193
11961.72249	0.999935823
11947.4313	0.999936441
11933.17422	0.999937044
11918.95113	0.999937646
11904.7619	0.999938247
11890.60642	0.999938835
11876.48456	0.999939409
11862.3962	0.999939981
11848.34123	0.999940541
11834.31953	0.999941099
11820.33097	0.999941656
11806.37544	0.999942199
11792.45283	0.99994273
11778.56302	0.999943259
11764.70588	0.999943787
11750.88132	0.999944302
11737.0892	0.999944816
11723.32943	0.999945316
11709.60187	0.999945816
11695.90643	0.999946314
11682.24299	0.9999468
11668.61144	0.999947284
11655.01166	0.999947756
11641.44354	0.999948226
11627.90698	0.999948695
11614.40186	0.999949152
11600.92807	0.999949607
11587.48552	0.99995005
11574.07407	0.999950492
11560.69364	0.999950933
11547.34411	0.999951373
11534.02537	0.9999518
11520.73733	0.999952226
11507.47986	0.999952639
11494.25287	0.999953052
11481.05626	0.999953464
11467.88991	0.999953863
11454.75372	0.999954261
11441.6476	0.999954659
11428.57143	0.999955055
11415.52511	0.999955439
11402.50855	0.999955822
11389.52164	0.999956205
11376.56428	0.999956575
11363.63636	0.999956944
11350.7378	0.999957312
11337.86848	0.999957668
11325.02831	0.999958035
11312.21719	0.99995839
11299.43503	0.999958732
11286.68172	0.999959085
11273.95716	0.999959426
11261.26126	0.999959766
11248.59393	0.999960105
11235.95506	0.999960432
11223.34456	0.999960759
11210.76233	0.999961084
11198.20829	0.999961409
11185.68233	0.999961722
11173.18436	0.999962046
11160.71429	0.999962358
11148.27202	0.999962657
11135.85746	0.999962968
11123.47052	0.999963266
11111.11111	0.999963564
11098.77913	0.999963861
11086.4745	0.999964157
11074.19712	0.999964453
11061.9469	0.999964737
11049.72376	0.99996502
11037.52759	0.999965303
11025.35832	0.999965574
11013.21586	0.999965855
11001.10011	0.999966125
10989.01099	0.999966394
10976.94841	0.999966663
10964.91228	0.999966931
10952.90252	0.999967188
10940.91904	0.999967454
10928.96175	0.99996771
10917.03057	0.999967964
10905.12541	0.999968219
10893.24619	0.999968461
10881.39282	0.999968714
10869.56522	0.999968956
10857.7633	0.999969197
10845.98698	0.999969438
10834.23619	0.999969678
10822.51082	0.999969917
10810.81081	0.999970145
10799.13607	0.999970373
10787.48652	0.999970611
10775.86207	0.999970838
10764.26265	0.999971064
10752.68817	0.999971279
10741.13856	0.999971504
10729.61373	0.999971718
10718.11361	0.999971931
10706.63812	0.999972155
10695.18717	0.999972368
10683.76068	0.999972569
10672.35859	0.999972781
10660.98081	0.999972992
10649.62726	0.999973192
10638.29787	0.999973392
10626.99256	0.999973591
10615.71125	0.9999738
10604.45387	0.999973988
10593.22034	0.999974186
10582.01058	0.999974384
10570.82452	0.99997457
10559.66209	0.999974767
10548.52321	0.999974952
10537.4078	0.999975138
10526.31579	0.999975323
10515.24711	0.999975507
10504.20168	0.999975691
10493.17943	0.999975864
10482.18029	0.999976048
10471.20419	0.99997622
10460.25105	0.999976403
10449.32079	0.999976575
10438.41336	0.999976746
10427.52868	0.999976917
10416.66667	0.999977088
10405.82726	0.999977258
10395.0104	0.999977417
10384.21599	0.999977587
10373.44398	0.999977746
10362.6943	0.999977915
10351.96687	0.999978073
10341.26163	0.999978231
10330.57851	0.999978388
10319.91744	0.999978545
10309.27835	0.999978702
10298.66117	0.999978859
10288.06584	0.999979005
10277.49229	0.99997916
10266.94045	0.999979306
10256.41026	0.999979461
10245.90164	0.999979606
10235.41453	0.99997975
10224.94888	0.999979894
10214.5046	0.999980038
10204.08163	0.999980181
10193.67992	0.999980324
10183.29939	0.999980467
10172.93998	0.99998061
10162.60163	0.999980742
10152.28426	0.999980884
10141.98783	0.999981016
10131.71226	0.999981157
10121.45749	0.999981288
10111.22346	0.999981419
10101.0101	0.999981549
10090.81736	0.999981679
10080.64516	0.999981809
10070.49345	0.999981939
10060.36217	0.999982068
10050.25126	0.999982187
10040.16064	0.999982316
10030.09027	0.999982445
10020.04008	0.999982563
10010.01001	0.999982681
10000	0.999982809
9990.00999	0.999982927
9980.03992	0.999983044
9970.089731	0.999983161
9960.159363	0.999983278
9950.248756	0.999983395
9940.357853	0.999983511
9930.486594	0.999983628
9920.634921	0.999983744
9910.802775	0.999983859
9900.990099	0.999983965
9891.196835	0.99998408
9881.422925	0.999984185
9871.668312	0.9999843
9861.932939	0.999984405
9852.216749	0.999984509
9842.519685	0.999984624
9832.841691	0.999984728
9823.182711	0.999984832
9813.542689	0.999984935
9803.921569	0.999985039
9794.319295	0.999985142
9784.735812	0.999985245
9775.171065	0.999985348
9765.625	0.999985451
9756.097561	0.999985543
9746.588694	0.999985646
9737.098345	0.999985748
9727.626459	0.99998584
9718.172983	0.999985941
9708.737864	0.999986033
9699.321048	0.999986125
9689.922481	0.999986226
9680.54211	0.999986317
9671.179884	0.999986408
9661.835749	0.999986499
9652.509653	0.999986589
9643.201543	0.99998668
9633.911368	0.99998677
9624.639076	0.99998686
9615.384615	0.99998695
9606.147935	0.99998704
9596.928983	0.99998713
9587.727709	0.999987219
9578.544061	0.999987299
9569.37799	0.999987388
9560.229446	0.999987477
9551.098376	0.999987556
9541.984733	0.999987645
9532.888465	0.999987724
9523.809524	0.999987812
9514.747859	0.99998789
9505.703422	0.999987969
9496.676163	0.999988057
9487.666034	0.999988135
9478.672986	0.999988213
9469.69697	0.99998829
9460.737938	0.999988368
9451.795841	0.999988446
9442.870633	0.999988523
9433.962264	0.9999886
9425.070688	0.999988677
9416.195857	0.999988754
9407.337723	0.999988831
9398.496241	0.999988908
9389.671362	0.999988975
9380.863039	0.999989051
9372.071228	0.999989127
9363.29588	0.999989194
9354.53695	0.99998927
9345.794393	0.999989336
9337.068161	0.999989412
9328.358209	0.999989478
9319.664492	0.999989553
9310.986965	0.999989619
9302.325581	0.999989694
9293.680297	0.99998976
9285.051068	0.999989826
9276.437848	0.999989891
9267.840593	0.999989966
9259.259259	0.999990031
9250.693802	0.999990096
9242.144177	0.999990161
9233.610342	0.999990225
9225.092251	0.99999029
9216.589862	0.999990355
9208.103131	0.999990419
9199.632015	0.999990483
9191.176471	0.999990548
9182.736455	0.999990612
9174.311927	0.999990666
9165.902841	0.99999073
9157.509158	0.999990794
9149.130833	0.999990855
9140.767824	0.999990915
9132.420091	0.999990975
9124.087591	0.999991035
9115.770283	0.999991094
9107.468124	0.999991154
9099.181074	0.999991212
9090.909091	0.999991269
9082.652134	0.999991328
9074.410163	0.999991385
9066.183137	0.999991442
9057.971014	0.999991498
9049.773756	0.999991555
9041.59132	0.99999161
9033.423668	0.999991665
9025.270758	0.999991721
9017.132552	0.999991775
9009.009009	0.999991829
9000.90009	0.999991883
8992.805755	0.999991937
8984.725966	0.99999199
8976.660682	0.999992042
8968.609865	0.999992095
8960.573477	0.999992147
8952.551477	0.999992199
8944.543828	0.999992251
8936.550492	0.999992302
8928.571429	0.999992352
8920.606601	0.999992402
8912.655971	0.999992452
8904.719501	0.999992503
8896.797153	0.999992551
8888.888889	0.999992601
8880.994671	0.999992649
8873.114463	0.999992698
8865.248227	0.999992746
8857.395926	0.999992794
8849.557522	0.999992841
8841.73298	0.999992888
8833.922261	0.999992935
8826.125331	0.999992981
8818.342152	0.999993028
8810.572687	0.999993074
8802.816901	0.999993119
8795.074758	0.999993165
8787.346221	0.99999321
8779.631255	0.999993255
8771.929825	0.9999933
8764.241893	0.999993343
8756.567426	0.999993387
8748.906387	0.999993431
8741.258741	0.999993474
8733.624454	0.999993518
8726.00349	0.99999356
8718.395815	0.999993603
8710.801394	0.999993645
8703.220191	0.999993686
8695.652174	0.999993729
8688.097307	0.99999377
8680.555556	0.999993811
8673.026886	0.999993852
8665.511265	0.999993892
8658.008658	0.999993932
8650.519031	0.999993973
8643.042351	0.999994012
8635.578584	0.999994052
8628.127696	0.999994091
8620.689655	0.999994131
8613.264427	0.99999417
8605.851979	0.999994208
8598.452279	0.999994246
8591.065292	0.999994284
8583.690987	0.999994322
8576.329331	0.99999436
8568.980291	0.999994397
8561.643836	0.999994435
8554.319932	0.999994471
8547.008547	0.999994508
8539.70965	0.999994544
8532.423208	0.999994581
8525.14919	0.999994616
8517.887564	0.999994652
8510.638298	0.999994688
8503.401361	0.999994723
8496.17672	0.999994758
8488.964346	0.999994793
8481.764207	0.999994828
8474.576271	0.999994862
8467.400508	0.999994896
8460.236887	0.99999493
8453.085376	0.999994964
8445.945946	0.999994997
8438.818565	0.999995031
8431.703204	0.999995064
8424.599832	0.999995097
8417.508418	0.999995129
8410.428932	0.999995162
8403.361345	0.999995194
8396.305626	0.999995227
8389.261745	0.999995259
8382.229673	0.99999529
8375.20938	0.999995321
8368.200837	0.999995353
8361.204013	0.999995384
8354.218881	0.999995415
8347.245409	0.999995446
8340.28357	0.999995477
8333.333333	0.999995506
8326.394671	0.999995537
8319.467554	0.999995566
8312.551953	0.999995596
8305.647841	0.999995626
8298.755187	0.999995655
8291.873964	0.999995685
8285.004143	0.999995714
8278.145695	0.999995742
8271.298594	0.999995771
8264.46281	0.9999958
8257.638315	0.999995829
8250.825083	0.999995856
8244.023083	0.999995884
8237.23229	0.999995913
8230.452675	0.99999594
8223.684211	0.999995967
8216.926869	0.999995994
8210.180624	0.999996022
8203.445447	0.999996049
8196.721311	0.999996075
8190.00819	0.999996102
8183.306056	0.999996128
8176.614881	0.999996155
8169.934641	0.999996181
8163.265306	0.999996207
8156.606852	0.999996233
8149.95925	0.999996259
8143.322476	0.999996284
8136.696501	0.999996309
8130.081301	0.999996335
8123.476848	0.99999636
8116.883117	0.999996384
8110.300081	0.999996409
8103.727715	0.999996434
8097.165992	0.999996458
8090.614887	0.999996483
8084.074373	0.999996507
8077.544426	0.999996531
8071.02502	0.999996555
8064.516129	0.999996579
8058.017728	0.999996602
8051.529791	0.999996626
8045.052293	0.999996648
8038.585209	0.999996672
8032.128514	0.999996695
8025.682183	0.999996718
8019.246191	0.999996741
8012.820513	0.999996763
8006.405124	0.999996785
8000	0.999996808
7993.605116	0.99999683
7987.220447	0.999996852
7980.84597	0.999996874
7974.481659	0.999996896
7968.12749	0.999996918
7961.783439	0.999996939
7955.449483	0.99999696
7949.125596	0.999996982
7942.811755	0.999997002
7936.507937	0.999997024
7930.214116	0.999997045
7923.930269	0.999997065
7917.656374	0.999997086
7911.392405	0.999997107
7905.13834	0.999997126
7898.894155	0.999997147
7892.659826	0.999997167
7886.435331	0.999997187
7880.220646	0.999997207
7874.015748	0.999997226
7867.820614	0.999997246
7861.63522	0.999997265
7855.459544	0.999997285
7849.293564	0.999997304
7843.137255	0.999997323
7836.990596	0.999997343
7830.853563	0.999997361
7824.726135	0.999997381
7818.608288	0.999997399
7812.5	0.999997418
7806.401249	0.999997436
7800.312012	0.999997455
7794.232268	0.999997473
7788.161994	0.999997491
7782.101167	0.999997509
7776.049767	0.999997527
7770.00777	0.999997544
7763.975155	0.999997562
7757.951901	0.99999758
7751.937984	0.999997597
7745.933385	0.999997615
7739.93808	0.999997632
7733.952049	0.999997649
7727.97527	0.999997666
7722.007722	0.999997684
7716.049383	0.9999977
7710.100231	0.999997717
7704.160247	0.999997734
7698.229407	0.99999775
7692.307692	0.999997767
7686.395081	0.999997783
7680.491551	0.999997799
7674.597084	0.999997815
7668.711656	0.999997831
7662.835249	0.999997847
7656.967841	0.999997863
7651.109411	0.999997879
7645.259939	0.999997895
7639.419404	0.99999791
7633.587786	0.999997926
7627.765065	0.999997941
7621.95122	0.999997956
7616.14623	0.999997972
7610.350076	0.999997986
7604.562738	0.999998002
7598.784195	0.999998017
7593.014427	0.999998031
7587.253414	0.999998046
7581.501137	0.999998061
7575.757576	0.999998075
7570.02271	0.99999809
7564.29652	0.999998104
7558.578987	0.999998119
7552.870091	0.999998133
7547.169811	0.999998146
7541.47813	0.999998161
7535.795026	0.999998175
7530.120482	0.999998188
7524.454477	0.999998203
7518.796992	0.999998216
7513.148009	0.99999823
7507.507508	0.999998243
7501.875469	0.999998257
7496.251874	0.99999827
7490.636704	0.999998283
7485.02994	0.999998296
7479.431563	0.99999831
7473.841555	0.999998323
7468.259895	0.999998335
7462.686567	0.999998349
7457.121551	0.999998361
7451.564829	0.999998374
7446.016381	0.999998387
7440.47619	0.999998399
7434.944238	0.999998412
7429.420505	0.999998424
7423.904974	0.999998436
7418.397626	0.999998449
7412.898443	0.999998461
7407.407407	0.999998473
7401.9245	0.999998485
7396.449704	0.999998497
7390.983001	0.999998509
7385.524372	0.999998521
7380.073801	0.999998532
7374.631268	0.999998544
7369.196758	0.999998556
7363.77025	0.999998568
7358.351729	0.999998579
7352.941176	0.99999859
7347.538575	0.999998602
7342.143906	0.999998613
7336.757153	0.999998624
7331.378299	0.999998635
7326.007326	0.999998646
7320.644217	0.999998657
7315.288954	0.999998668
7309.94152	0.999998679
7304.601899	0.999998689
7299.270073	0.9999987
7293.946025	0.999998711
7288.629738	0.999998721
7283.321194	0.999998732
7278.020378	0.999998742
7272.727273	0.999998753
7267.44186	0.999998763
7262.164125	0.999998773
7256.894049	0.999998783
7251.631617	0.999998793
7246.376812	0.999998804
7241.129616	0.999998813
7235.890014	0.999998824
7230.65799	0.999998833
7225.433526	0.999998843
7220.216606	0.999998853
7215.007215	0.999998863
7209.805335	0.999998872
7204.610951	0.999998882
7199.424046	0.999998891
7194.244604	0.999998901
7189.07261	0.99999891
7183.908046	0.999998919
7178.750897	0.999998928
7173.601148	0.999998938
7168.458781	0.999998946
7163.323782	0.999998956
7158.196135	0.999998964
7153.075823	0.999998974
7147.962831	0.999998982
7142.857143	0.999998992
7137.758744	0.999999
7132.667618	0.999999009
7127.583749	0.999999018
7122.507123	0.999999026
7117.437722	0.999999035
7112.375533	0.999999043
7107.32054	0.999999052
7102.272727	0.99999906
7097.232079	0.999999068
7092.198582	0.999999077
7087.172218	0.999999085
7082.152975	0.999999093
7077.140835	0.999999101
7072.135785	0.999999109
7067.137809	0.999999118
7062.146893	0.999999125
7057.16302	0.999999133
7052.186178	0.999999141
7047.21635	0.999999149
7042.253521	0.999999157
7037.297678	0.999999164
7032.348805	0.999999172
7027.406887	0.99999918
7022.47191	0.999999187
7017.54386	0.999999194
7012.622721	0.999999202
7007.708479	0.99999921
7002.80112	0.999999217
6997.90063	0.999999224
6993.006993	0.999999232
6988.120196	0.999999238
6983.240223	0.999999246
6978.367062	0.999999253
6973.500697	0.99999926
6968.641115	0.999999267
6963.788301	0.999999274
6958.942241	0.999999281
6954.102921	0.999999288
6949.270327	0.999999294
6944.444444	0.999999301
6939.62526	0.999999308
6934.81276	0.999999315
6930.00693	0.999999321
6925.207756	0.999999328
6920.415225	0.999999335
6915.629322	0.999999341
6910.850035	0.999999348
6906.077348	0.999999354
6901.311249	0.99999936
6896.551724	0.999999367
6891.798759	0.999999373
6887.052342	0.999999379
6882.312457	0.999999385
6877.579092	0.999999392
6872.852234	0.999999398
6868.131868	0.999999404
6863.417982	0.99999941
6858.710562	0.999999416
6854.009596	0.999999422
6849.315068	0.999999428
6844.626968	0.999999433
6839.94528	0.999999439
6835.269993	0.999999445
6830.601093	0.999999451
6825.938567	0.999999457
6821.282401	0.999999462
6816.632584	0.999999468
6811.989101	0.999999473
6807.35194	0.999999479
6802.721088	0.999999484
6798.096533	0.99999949
6793.478261	0.999999495
6788.866259	0.999999501
6784.260516	0.999999506
6779.661017	0.999999511
6775.067751	0.999999517
6770.480704	0.999999522
6765.899865	0.999999527
6761.32522	0.999999532
6756.756757	0.999999537
6752.194463	0.999999542
6747.638327	0.999999547
6743.088334	0.999999552
6738.544474	0.999999557
6734.006734	0.999999562
6729.475101	0.999999567
6724.949563	0.999999572
6720.430108	0.999999577
6715.916723	0.999999582
6711.409396	0.999999586
6706.908115	0.999999591
6702.412869	0.999999596
6697.923644	0.9999996
6693.440428	0.999999605
6688.963211	0.999999609
6684.491979	0.999999614
6680.02672	0.999999618
6675.567423	0.999999623
6671.114076	0.999999627
6666.666667	0.999999632
6662.225183	0.999999636
6657.789614	0.99999964
6653.359947	0.999999645
6648.93617	0.999999649
6644.518272	0.999999653
6640.106242	0.999999657
6635.700066	0.999999662
6631.299735	0.999999666
6626.905235	0.99999967
6622.516556	0.999999674
6618.133686	0.999999678
6613.756614	0.999999682
6609.385327	0.999999686
6605.019815	0.99999969
6600.660066	0.999999694
6596.306069	0.999999698
6591.957811	0.999999701
6587.615283	0.999999705
6583.278473	0.999999709
6578.947368	0.999999713
6574.621959	0.999999716
6570.302234	0.99999972
6565.988181	0.999999724
6561.67979	0.999999727
6557.377049	0.999999731
6553.079948	0.999999735
6548.788474	0.999999738
6544.502618	0.999999742
6540.222368	0.999999745
6535.947712	0.999999748
6531.678641	0.999999752
6527.415144	0.999999755
6523.157208	0.999999759
6518.904824	0.999999762
6514.65798	0.999999765
6510.416667	0.999999768
6506.180872	0.999999772
6501.950585	0.999999775
6497.725796	0.999999778
6493.506494	0.999999781
6489.292667	0.999999784
6485.084306	0.999999787
6480.8814	0.999999791
6476.683938	0.999999794
6472.491909	0.999999797
6468.305304	0.9999998
6464.124111	0.999999803
6459.94832	0.999999805
6455.777921	0.999999808
6451.612903	0.999999811
6447.453256	0.999999814
6443.298969	0.999999817
6439.150032	0.99999982
6435.006435	0.999999822
6430.868167	0.999999825
6426.735219	0.999999828
6422.607579	0.999999831
6418.485237	0.999999833
6414.368185	0.999999836
6410.25641	0.999999839
6406.149904	0.999999841
6402.048656	0.999999844
6397.952655	0.999999846
6393.861893	0.999999849
6389.776358	0.999999851
6385.696041	0.999999854
6381.620932	0.999999856
6377.55102	0.999999859
6373.486297	0.999999861
6369.426752	0.999999863
6365.372374	0.999999866
6361.323155	0.999999868
6357.279085	0.99999987
6353.240152	0.999999873
6349.206349	0.999999875
6345.177665	0.999999877
6341.15409	0.999999879
6337.135615	0.999999881
6333.122229	0.999999884
6329.113924	0.999999886
6325.110689	0.999999888
6321.112516	0.99999989
6317.119394	0.999999892
6313.131313	0.999999894
6309.148265	0.999999896
6305.17024	0.999999898
6301.197227	0.9999999
6297.229219	0.999999902
6293.266205	0.999999904
6289.308176	0.999999906
6285.355123	0.999999908
6281.407035	0.999999909
6277.463905	0.999999911
6273.525721	0.999999913
6269.592476	0.999999915
6265.66416	0.999999917
6261.740764	0.999999918
6257.822278	0.99999992
6253.908693	0.999999922
6250	0.999999924
6246.09619	0.999999925
6242.197253	0.999999927
6238.303182	0.999999929
6234.413965	0.99999993
6230.529595	0.999999932
6226.650062	0.999999933
6222.775358	0.999999935
6218.905473	0.999999936
6215.040398	0.999999938
6211.180124	0.999999939
6207.324643	0.999999941
6203.473945	0.999999942
6199.628022	0.999999944
6195.786865	0.999999945
6191.950464	0.999999946
6188.118812	0.999999948
6184.291899	0.999999949
6180.469716	0.99999995
6176.652254	0.999999952
6172.839506	0.999999953
6169.031462	0.999999954
6165.228113	0.999999955
6161.429452	0.999999957
6157.635468	0.999999958
6153.846154	0.999999959
6150.061501	0.99999996
6146.2815	0.999999961
6142.506143	0.999999963
6138.735421	0.999999964
6134.969325	0.999999965
6131.207848	0.999999966
6127.45098	0.999999967
6123.698714	0.999999968
6119.95104	0.999999969
6116.207951	0.99999997
6112.469438	0.999999971
6108.735492	0.999999972
6105.006105	0.999999973
6101.281269	0.999999974
6097.560976	0.999999975
6093.845216	0.999999976
6090.133983	0.999999976
6086.427267	0.999999977
6082.725061	0.999999978
6079.027356	0.999999979
6075.334143	0.99999998
6071.645416	0.999999981
6067.961165	0.999999981
6064.281383	0.999999982
6060.606061	0.999999983
6056.935191	0.999999984
6053.268765	0.999999984
6049.606776	0.999999985
6045.949214	0.999999986
6042.296073	0.999999986
6038.647343	0.999999987
6035.003018	0.999999988
6031.363088	0.999999988
6027.727547	0.999999989
6024.096386	0.999999989
6020.469597	0.99999999
6016.847172	0.99999999
6013.229104	0.999999991
6009.615385	0.999999991
6006.006006	0.999999992
6002.40096	0.999999992
5998.80024	0.999999993
5995.203837	0.999999993
5991.611744	0.999999994
5988.023952	0.999999994
5984.440455	0.999999995
5980.861244	0.999999995
5977.286312	0.999999995
5973.715651	0.999999996
5970.149254	0.999999996
5966.587112	0.999999996
5963.029219	0.999999997
5959.475566	0.999999997
5955.926147	0.999999997
5952.380952	0.999999998
5948.839976	0.999999998
5945.30321	0.999999998
5941.770648	0.999999998
5938.24228	0.999999999
5934.718101	0.999999999
5931.198102	0.999999999
5927.682276	0.999999999
5924.170616	0.999999999
5920.663114	0.999999999
5917.159763	0.999999999
5913.660556	1
5910.165485	1
5906.674542	1
5903.187721	1
5899.705015	1
5896.226415	1
5892.751915	1
5889.281508	1
5885.815185	1
5882.352941	1
