# Wavelength(μm) Transmission
1.7	1
1.699	1
1.698	1
1.697	1
1.696	1
1.695	1
1.694	1
1.693	1
1.692	1
1.691	1
1.69	0.999999999
1.689	0.999999999
1.688	0.999999999
1.687	0.999999999
1.686	0.999999999
1.685	0.999999999
1.684	0.999999999
1.683	0.999999998
1.682	0.999999998
1.681	0.999999998
1.68	0.999999998
1.679	0.999999997
1.678	0.999999997
1.677	0.999999997
1.676	0.999999996
1.675	0.999999996
1.674	0.999999996
1.673	0.999999995
1.672	0.999999995
1.671	0.999999995
1.67	0.999999994
1.669	0.999999994
1.668	0.999999993
1.667	0.999999993
1.666	0.999999992
1.665	0.999999992
1.664	0.999999991
1.663	0.999999991
1.662	0.99999999
1.661	0.99999999
1.66	0.999999989
1.659	0.999999989
1.658	0.999999988
1.657	0.999999988
1.656	0.999999987
1.655	0.999999986
1.654	0.999999986
1.653	0.999999985
1.652	0.999999984
1.651	0.999999984
1.65	0.999999983
1.649	0.999999982
1.648	0.999999981
1.647	0.999999981
1.646	0.99999998
1.645	0.999999979
1.644	0.999999978
1.643	0.999999977
1.642	0.999999976
1.641	0.999999976
1.64	0.999999975
1.639	0.999999974
1.638	0.999999973
1.637	0.999999972
1.636	0.999999971
1.635	0.99999997
1.634	0.999999969
1.633	0.999999968
1.632	0.999999967
1.631	0.999999966
1.63	0.999999965
1.629	0.999999964
1.628	0.999999963
1.627	0.999999961
1.626	0.99999996
1.625	0.999999959
1.624	0.999999958
1.623	0.999999957
1.622	0.999999955
1.621	0.999999954
1.62	0.999999953
1.619	0.999999952
1.618	0.99999995
1.617	0.999999949
1.616	0.999999948
1.615	0.999999946
1.614	0.999999945
1.613	0.999999944
1.612	0.999999942
1.611	0.999999941
1.61	0.999999939
1.609	0.999999938
1.608	0.999999936
1.607	0.999999935
1.606	0.999999933
1.605	0.999999932
1.604	0.99999993
1.603	0.999999929
1.602	0.999999927
1.601	0.999999925
1.6	0.999999924
1.599	0.999999922
1.598	0.99999992
1.597	0.999999918
1.596	0.999999917
1.595	0.999999915
1.594	0.999999913
1.593	0.999999911
1.592	0.999999909
1.591	0.999999908
1.59	0.999999906
1.589	0.999999904
1.588	0.999999902
1.587	0.9999999
1.586	0.999999898
1.585	0.999999896
1.584	0.999999894
1.583	0.999999892
1.582	0.99999989
1.581	0.999999888
1.58	0.999999886
1.579	0.999999884
1.578	0.999999881
1.577	0.999999879
1.576	0.999999877
1.575	0.999999875
1.574	0.999999873
1.573	0.99999987
1.572	0.999999868
1.571	0.999999866
1.57	0.999999863
1.569	0.999999861
1.568	0.999999859
1.567	0.999999856
1.566	0.999999854
1.565	0.999999851
1.564	0.999999849
1.563	0.999999846
1.562	0.999999844
1.561	0.999999841
1.56	0.999999839
1.559	0.999999836
1.558	0.999999833
1.557	0.999999831
1.556	0.999999828
1.555	0.999999825
1.554	0.999999822
1.553	0.99999982
1.552	0.999999817
1.551	0.999999814
1.55	0.999999811
1.549	0.999999808
1.548	0.999999805
1.547	0.999999803
1.546	0.9999998
1.545	0.999999797
1.544	0.999999794
1.543	0.999999791
1.542	0.999999787
1.541	0.999999784
1.54	0.999999781
1.539	0.999999778
1.538	0.999999775
1.537	0.999999772
1.536	0.999999768
1.535	0.999999765
1.534	0.999999762
1.533	0.999999759
1.532	0.999999755
1.531	0.999999752
1.53	0.999999748
1.529	0.999999745
1.528	0.999999742
1.527	0.999999738
1.526	0.999999735
1.525	0.999999731
1.524	0.999999727
1.523	0.999999724
1.522	0.99999972
1.521	0.999999716
1.52	0.999999713
1.519	0.999999709
1.518	0.999999705
1.517	0.999999701
1.516	0.999999698
1.515	0.999999694
1.514	0.99999969
1.513	0.999999686
1.512	0.999999682
1.511	0.999999678
1.51	0.999999674
1.509	0.99999967
1.508	0.999999666
1.507	0.999999662
1.506	0.999999657
1.505	0.999999653
1.504	0.999999649
1.503	0.999999645
1.502	0.99999964
1.501	0.999999636
1.5	0.999999632
1.499	0.999999627
1.498	0.999999623
1.497	0.999999618
1.496	0.999999614
1.495	0.999999609
1.494	0.999999605
1.493	0.9999996
1.492	0.999999596
1.491	0.999999591
1.49	0.999999586
1.489	0.999999582
1.488	0.999999577
1.487	0.999999572
1.486	0.999999567
1.485	0.999999562
1.484	0.999999557
1.483	0.999999552
1.482	0.999999547
1.481	0.999999542
1.48	0.999999537
1.479	0.999999532
1.478	0.999999527
1.477	0.999999522
1.476	0.999999517
1.475	0.999999511
1.474	0.999999506
1.473	0.999999501
1.472	0.999999495
1.471	0.99999949
1.47	0.999999484
1.469	0.999999479
1.468	0.999999473
1.467	0.999999468
1.466	0.999999462
1.465	0.999999457
1.464	0.999999451
1.463	0.999999445
1.462	0.999999439
1.461	0.999999433
1.46	0.999999428
1.459	0.999999422
1.458	0.999999416
1.457	0.99999941
1.456	0.999999404
1.455	0.999999398
1.454	0.999999392
1.453	0.999999385
1.452	0.999999379
1.451	0.999999373
1.45	0.999999367
1.449	0.99999936
1.448	0.999999354
1.447	0.999999348
1.446	0.999999341
1.445	0.999999335
1.444	0.999999328
1.443	0.999999321
1.442	0.999999315
1.441	0.999999308
1.44	0.999999301
1.439	0.999999294
1.438	0.999999288
1.437	0.999999281
1.436	0.999999274
1.435	0.999999267
1.434	0.99999926
1.433	0.999999253
1.432	0.999999246
1.431	0.999999238
1.43	0.999999232
1.429	0.999999224
1.428	0.999999217
1.427	0.99999921
1.426	0.999999202
1.425	0.999999194
1.424	0.999999187
1.423	0.99999918
1.422	0.999999172
1.421	0.999999164
1.42	0.999999157
1.419	0.999999149
1.418	0.999999141
1.417	0.999999133
1.416	0.999999125
1.415	0.999999118
1.414	0.999999109
1.413	0.999999101
1.412	0.999999093
1.411	0.999999085
1.41	0.999999077
1.409	0.999999068
1.408	0.99999906
1.407	0.999999052
1.406	0.999999043
1.405	0.999999035
1.404	0.999999026
1.403	0.999999018
1.402	0.999999009
1.401	0.999999
1.4	0.999998992
1.399	0.999998982
1.398	0.999998974
1.397	0.999998964
1.396	0.999998956
1.395	0.999998946
1.394	0.999998938
1.393	0.999998928
1.392	0.999998919
1.391	0.99999891
1.39	0.999998901
1.389	0.999998891
1.388	0.999998882
1.387	0.999998872
1.386	0.999998863
1.385	0.999998853
1.384	0.999998843
1.383	0.999998833
1.382	0.999998824
1.381	0.999998813
1.38	0.999998804
1.379	0.999998793
1.378	0.999998783
1.377	0.999998773
1.376	0.999998763
1.375	0.999998753
1.374	0.999998742
1.373	0.999998732
1.372	0.999998721
1.371	0.999998711
1.37	0.9999987
1.369	0.999998689
1.368	0.999998679
1.367	0.999998668
1.366	0.999998657
1.365	0.999998646
1.364	0.999998635
1.363	0.999998624
1.362	0.999998613
1.361	0.999998602
1.36	0.99999859
1.359	0.999998579
1.358	0.999998568
1.357	0.999998556
1.356	0.999998544
1.355	0.999998532
1.354	0.999998521
1.353	0.999998509
1.352	0.999998497
1.351	0.999998485
1.35	0.999998473
1.349	0.999998461
1.348	0.999998449
1.347	0.999998436
1.346	0.999998424
1.345	0.999998412
1.344	0.999998399
1.343	0.999998387
1.342	0.999998374
1.341	0.999998361
1.34	0.999998349
1.339	0.999998335
1.338	0.999998323
1.337	0.99999831
1.336	0.999998296
1.335	0.999998283
1.334	0.99999827
1.333	0.999998257
1.332	0.999998243
1.331	0.99999823
1.33	0.999998216
1.329	0.999998203
1.328	0.999998188
1.327	0.999998175
1.326	0.999998161
1.325	0.999998146
1.324	0.999998133
1.323	0.999998119
1.322	0.999998104
1.321	0.99999809
1.32	0.999998075
1.319	0.999998061
1.318	0.999998046
1.317	0.999998031
1.316	0.999998017
1.315	0.999998002
1.314	0.999997986
1.313	0.999997972
1.312	0.999997956
1.311	0.999997941
1.31	0.999997926
1.309	0.99999791
1.308	0.999997895
1.307	0.999997879
1.306	0.999997863
1.305	0.999997847
1.304	0.999997831
1.303	0.999997815
1.302	0.999997799
1.301	0.999997783
1.3	0.999997767
1.299	0.99999775
1.298	0.999997734
1.297	0.999997717
1.296	0.9999977
1.295	0.999997684
1.294	0.999997666
1.293	0.999997649
1.292	0.999997632
1.291	0.999997615
1.29	0.999997597
1.289	0.99999758
1.288	0.999997562
1.287	0.999997544
1.286	0.999997527
1.285	0.999997509
1.284	0.999997491
1.283	0.999997473
1.282	0.999997455
1.281	0.999997436
1.28	0.999997418
1.279	0.999997399
1.278	0.999997381
1.277	0.999997361
1.276	0.999997343
1.275	0.999997323
1.274	0.999997304
1.273	0.999997285
1.272	0.999997265
1.271	0.999997246
1.27	0.999997226
1.269	0.999997207
1.268	0.999997187
1.267	0.999997167
1.266	0.999997147
1.265	0.999997126
1.264	0.999997107
1.263	0.999997086
1.262	0.999997065
1.261	0.999997045
1.26	0.999997024
1.259	0.999997002
1.258	0.999996982
1.257	0.99999696
1.256	0.999996939
1.255	0.999996918
1.254	0.999996896
1.253	0.999996874
1.252	0.999996852
1.251	0.99999683
1.25	0.999996808
1.249	0.999996785
1.248	0.999996763
1.247	0.999996741
1.246	0.999996718
1.245	0.999996695
1.244	0.999996672
1.243	0.999996648
1.242	0.999996626
1.241	0.999996602
1.24	0.999996579
1.239	0.999996555
1.238	0.999996531
1.237	0.999996507
1.236	0.999996483
1.235	0.999996458
1.234	0.999996434
1.233	0.999996409
1.232	0.999996384
1.231	0.99999636
1.23	0.999996335
1.229	0.999996309
1.228	0.999996284
1.227	0.999996259
1.226	0.999996233
1.225	0.999996207
1.224	0.999996181
1.223	0.999996155
1.222	0.999996128
1.221	0.999996102
1.22	0.999996075
1.219	0.999996049
1.218	0.999996022
1.217	0.999995994
1.216	0.999995967
1.215	0.99999594
1.214	0.999995913
1.213	0.999995884
1.212	0.999995856
1.211	0.999995829
1.21	0.9999958
1.209	0.999995771
1.208	0.999995742
1.207	0.999995714
1.206	0.999995685
1.205	0.999995655
1.204	0.999995626
1.203	0.999995596
1.202	0.999995566
1.201	0.999995537
1.2	0.999995506
1.199	0.999995477
1.198	0.999995446
1.197	0.999995415
1.196	0.999995384
1.195	0.999995353
1.194	0.999995321
1.193	0.99999529
1.192	0.999995259
1.191	0.999995227
1.19	0.999995194
1.189	0.999995162
1.188	0.999995129
1.187	0.999995097
1.186	0.999995064
1.185	0.999995031
1.184	0.999994997
1.183	0.999994964
1.182	0.99999493
1.181	0.999994896
1.18	0.999994862
1.179	0.999994828
1.178	0.999994793
1.177	0.999994758
1.176	0.999994723
1.175	0.999994688
1.174	0.999994652
1.173	0.999994616
1.172	0.999994581
1.171	0.999994544
1.17	0.999994508
1.169	0.999994471
1.168	0.999994435
1.167	0.999994397
1.166	0.99999436
1.165	0.999994322
1.164	0.999994284
1.163	0.999994246
1.162	0.999994208
1.161	0.99999417
1.16	0.999994131
1.159	0.999994091
1.158	0.999994052
1.157	0.999994012
1.156	0.999993973
1.155	0.999993932
1.154	0.999993892
1.153	0.999993852
1.152	0.999993811
1.151	0.99999377
1.15	0.999993729
1.149	0.999993686
1.148	0.999993645
1.147	0.999993603
1.146	0.99999356
1.145	0.999993518
1.144	0.999993474
1.143	0.999993431
1.142	0.999993387
1.141	0.999993343
1.14	0.9999933
1.139	0.999993255
1.138	0.99999321
1.137	0.999993165
1.136	0.999993119
1.135	0.999993074
1.134	0.999993028
1.133	0.999992981
1.132	0.999992935
1.131	0.999992888
1.13	0.999992841
1.129	0.999992794
1.128	0.999992746
1.127	0.999992698
1.126	0.999992649
1.125	0.999992601
1.124	0.999992551
1.123	0.999992503
1.122	0.999992452
1.121	0.999992402
1.12	0.999992352
1.119	0.999992302
1.118	0.999992251
1.117	0.999992199
1.116	0.999992147
1.115	0.999992095
1.114	0.999992042
1.113	0.99999199
1.112	0.999991937
1.111	0.999991883
1.11	0.999991829
1.109	0.999991775
1.108	0.999991721
1.107	0.999991665
1.106	0.99999161
1.105	0.999991555
1.104	0.999991498
1.103	0.999991442
1.102	0.999991385
1.101	0.999991328
1.1	0.999991269
1.099	0.999991212
1.098	0.999991154
1.097	0.999991094
1.096	0.999991035
1.095	0.999990975
1.094	0.999990915
1.093	0.999990855
1.092	0.999990794
1.091	0.99999073
1.09	0.999990666
1.089	0.999990612
1.088	0.999990548
1.087	0.999990483
1.086	0.999990419
1.085	0.999990355
1.084	0.99999029
1.083	0.999990225
1.082	0.999990161
1.081	0.999990096
1.08	0.999990031
1.079	0.999989966
1.078	0.999989891
1.077	0.999989826
1.076	0.99998976
1.075	0.999989694
1.074	0.999989619
1.073	0.999989553
1.072	0.999989478
1.071	0.999989412
1.07	0.999989336
1.069	0.99998927
1.068	0.999989194
1.067	0.999989127
1.066	0.999989051
1.065	0.999988975
1.064	0.999988908
1.063	0.999988831
1.062	0.999988754
1.061	0.999988677
1.06	0.9999886
1.059	0.999988523
1.058	0.999988446
1.057	0.999988368
1.056	0.99998829
1.055	0.999988213
1.054	0.999988135
1.053	0.999988057
1.052	0.999987969
1.051	0.99998789
1.05	0.999987812
1.049	0.999987724
1.048	0.999987645
1.047	0.999987556
1.046	0.999987477
1.045	0.999987388
1.044	0.999987299
1.043	0.999987219
1.042	0.99998713
1.041	0.99998704
1.04	0.99998695
1.039	0.99998686
1.038	0.99998677
1.037	0.99998668
1.036	0.999986589
1.035	0.999986499
1.034	0.999986408
1.033	0.999986317
1.032	0.999986226
1.031	0.999986125
1.03	0.999986033
1.029	0.999985941
1.028	0.99998584
1.027	0.999985748
1.026	0.999985646
1.025	0.999985543
1.024	0.999985451
1.023	0.999985348
1.022	0.999985245
1.021	0.999985142
1.02	0.999985039
1.019	0.999984935
1.018	0.999984832
1.017	0.999984728
1.016	0.999984624
1.015	0.999984509
1.014	0.999984405
1.013	0.9999843
1.012	0.999984185
1.011	0.99998408
1.01	0.999983965
1.009	0.999983859
1.008	0.999983744
1.007	0.999983628
1.006	0.999983511
1.005	0.999983395
1.004	0.999983278
1.003	0.999983161
1.002	0.999983044
1.001	0.999982927
1	0.999982809
0.999	0.999982681
0.998	0.999982563
0.997	0.999982445
0.996	0.999982316
0.995	0.999982187
0.994	0.999982068
0.993	0.999981939
0.992	0.999981809
0.991	0.999981679
0.99	0.999981549
0.989	0.999981419
0.988	0.999981288
0.987	0.999981157
0.986	0.999981016
0.985	0.999980884
0.984	0.999980742
0.983	0.99998061
0.982	0.999980467
0.981	0.999980324
0.98	0.999980181
0.979	0.999980038
0.978	0.999979894
0.977	0.99997975
0.976	0.999979606
0.975	0.999979461
0.974	0.999979306
0.973	0.99997916
0.972	0.999979005
0.971	0.999978859
0.97	0.999978702
0.969	0.999978545
0.968	0.999978388
0.967	0.999978231
0.966	0.999978073
0.965	0.999977915
0.964	0.999977746
0.963	0.999977587
0.962	0.999977417
0.961	0.999977258
0.96	0.999977088
0.959	0.999976917
0.958	0.999976746
0.957	0.999976575
0.956	0.999976403
0.955	0.99997622
0.954	0.999976048
0.953	0.999975864
0.952	0.999975691
0.951	0.999975507
0.95	0.999975323
0.949	0.999975138
0.948	0.999974952
0.947	0.999974767
0.946	0.99997457
0.945	0.999974384
0.944	0.999974186
0.943	0.999973988
0.942	0.9999738
0.941	0.999973591
0.94	0.999973392
0.939	0.999973192
0.938	0.999972992
0.937	0.999972781
0.936	0.999972569
0.935	0.999972368
0.934	0.999972155
0.933	0.999971931
0.932	0.999971718
0.931	0.999971504
0.93	0.999971279
0.929	0.999971064
0.928	0.999970838
0.927	0.999970611
0.926	0.999970373
0.925	0.999970145
0.924	0.999969917
0.923	0.999969678
0.922	0.999969438
0.921	0.999969197
0.92	0.999968956
0.919	0.999968714
0.918	0.999968461
0.917	0.999968219
0.916	0.999967964
0.915	0.99996771
0.914	0.999967454
0.913	0.999967188
0.912	0.999966931
0.911	0.999966663
0.91	0.999966394
0.909	0.999966125
0.908	0.999965855
0.907	0.999965574
0.906	0.999965303
0.905	0.99996502
0.904	0.999964737
0.903	0.999964453
0.902	0.999964157
0.901	0.999963861
0.9	0.999963564
0.899	0.999963266
0.898	0.999962968
0.897	0.999962657
0.896	0.999962358
0.895	0.999962046
0.894	0.999961722
0.893	0.999961409
0.892	0.999961084
0.891	0.999960759
0.89	0.999960432
0.889	0.999960105
0.888	0.999959766
0.887	0.999959426
0.886	0.999959085
0.885	0.999958732
0.884	0.99995839
0.883	0.999958035
0.882	0.999957668
0.881	0.999957312
0.88	0.999956944
0.879	0.999956575
0.878	0.999956205
0.877	0.999955822
0.876	0.999955439
0.875	0.999955055
0.874	0.999954659
0.873	0.999954261
0.872	0.999953863
0.871	0.999953464
0.87	0.999953052
0.869	0.999952639
0.868	0.999952226
0.867	0.9999518
0.866	0.999951373
0.865	0.999950933
0.864	0.999950492
0.863	0.99995005
0.862	0.999949607
0.861	0.999949152
0.86	0.999948695
0.859	0.999948226
0.858	0.999947756
0.857	0.999947284
0.856	0.9999468
0.855	0.999946314
0.854	0.999945816
0.853	0.999945316
0.852	0.999944816
0.851	0.999944302
0.85	0.999943787
0.849	0.999943259
0.848	0.99994273
0.847	0.999942199
0.846	0.999941656
0.845	0.999941099
0.844	0.999940541
0.843	0.999939981
0.842	0.999939409
0.841	0.999938835
0.84	0.999938247
0.839	0.999937646
0.838	0.999937044
0.837	0.999936441
0.836	0.999935823
0.835	0.999935193
0.834	0.999934561
0.833	0.999933927
0.832	0.999933268
0.831	0.999932619
0.83	0.999931944
0.829	0.999931268
0.828	0.99993059
0.827	0.999929886
0.826	0.999929193
0.825	0.999928473
0.824	0.999927752
0.823	0.999927017
0.822	0.99992628
0.821	0.999925517
0.82	0.999924764
0.819	0.999923985
0.818	0.999923204
0.817	0.999922396
0.816	0.999921599
0.815	0.999920775
0.814	0.999919949
0.813	0.999919096
0.812	0.999918241
0.811	0.999917385
0.81	0.999916501
0.809	0.999915602
0.808	0.999914702
0.807	0.999913786
0.806	0.999912844
0.805	0.999911899
0.804	0.999910939
0.803	0.999909964
0.802	0.999908975
0.801	0.99990797
0.8	0.99990695
0.799	0.999905915
0.798	0.999904865
0.797	0.9999038
0.796	0.999902707
0.795	0.999901611
0.794	0.999900487
0.793	0.999899347
0.792	0.999898192
0.791	0.999897021
0.79	0.999895835
0.789	0.99989462
0.788	0.999893389
0.787	0.999892143
0.786	0.999890867
0.785	0.999889576
0.784	0.999888255
0.783	0.999886919
0.782	0.999885566
0.781	0.999884184
0.78	0.999882772
0.779	0.999881344
0.778	0.999879887
0.777	0.999878413
0.776	0.999876909
0.775	0.999875375
0.774	0.999873825
0.773	0.999872231
0.772	0.99987062
0.771	0.999868966
0.77	0.99986736
0.769	0.999865619
0.768	0.999863874
0.767	0.999862123
0.766	0.999860369
0.765	0.999858478
0.764	0.999856583
0.763	0.999854682
0.762	0.999852777
0.761	0.999850866
0.76	0.999848818
0.759	0.999846765
0.758	0.999844706
0.757	0.999842509
0.756	0.999840307
0.755	0.999838098
0.754	0.999835884
0.753	0.99983353
0.752	0.999831304
0.751	0.999828804
0.75	0.999826432
0.749	0.999823919
0.748	0.999821399
0.747	0.999818738
0.746	0.99981607
0.745	0.999813394
0.744	0.999810577
0.743	0.999807751
0.742	0.999804919
0.741	0.999801942
0.74	0.999798958
0.739	0.99979583
0.738	0.999792693
0.737	0.999789412
0.736	0.999786121
0.735	0.999782822
0.734	0.999779377
0.733	0.999775785
0.732	0.999772183
0.731	0.999768434
0.73	0.999764675
0.729	0.999760906
0.728	0.99975685
0.727	0.999752782
0.726	0.999748704
0.725	0.999744337
0.724	0.999739959
0.723	0.999735568
0.722	0.999730886
0.721	0.999726192
0.72	0.999721345
0.719	0.999716484
0.718	0.99971133
0.717	0.999706162
0.716	0.999700698
0.715	0.99969522
0.714	0.999689585
0.713	0.999683793
0.712	0.999677845
0.711	0.999671596
0.71	0.99966533
0.709	0.999658905
0.708	0.999652178
0.707	0.99964529
0.706	0.999638239
0.705	0.999630884
0.704	0.999623508
0.703	0.999615682
0.702	0.999607691
0.701	0.999599534
0.7	0.999591066
0.699	0.999582287
0.698	0.999573339
0.697	0.999564076
0.696	0.999554499
0.695	0.999544604
0.694	0.999534247
0.693	0.999523716
0.692	0.999512718
0.691	0.999501398
0.69	0.999489753
0.689	0.999477638
0.688	0.99946505
0.687	0.999451986
0.686	0.999438591
0.685	0.999424571
0.684	0.999410069
0.683	0.999395084
0.682	0.999379465
0.681	0.999363211
0.68	0.999346319
0.679	0.999328785
0.678	0.999310459
0.677	0.999291486
0.676	0.999271713
0.675	0.999251139
0.674	0.999229609
0.673	0.999207121
0.672	0.999183818
0.671	0.999159399
0.67	0.999133709
0.669	0.999107041
0.668	0.999079091
0.667	0.999049703
0.666	0.999019022
0.665	0.998986889
0.664	0.998952998
0.663	0.99891749
0.662	0.998880208
0.661	0.99884084
0.66	0.998799528
0.659	0.99875596
0.658	0.998709972
0.657	0.998661402
0.656	0.998610084
0.655	0.9985557
0.654	0.998498237
0.653	0.998437066
0.652	0.998373093
0.651	0.998304304
0.65	0.998230675
0.649	0.998152187
0.648	0.998068818
0.647	0.997980546
0.646	0.997885797
0.645	0.997782987
0.644	0.997673639
0.643	0.997556164
0.642	0.997430528
0.641	0.997293567
0.64	0.9971468
0.639	0.996988614
0.638	0.996815822
0.637	0.996628361
0.636	0.996424596
0.635	0.996202882
0.634	0.995959988
0.633	0.995694247
0.632	0.995403985
0.631	0.995082766
0.63	0.994728885
0.629	0.994339041
0.628	0.993906741
0.627	0.993427058
0.626	0.99289186
0.625	0.992296182
0.624	0.991631852
0.623	0.990889084
0.622	0.990056472
0.621	0.989124201
0.62	0.988080853
0.619	0.986916622
0.618	0.985620125
0.617	0.98418803
0.616	0.98260904
0.615	0.980912006
0.614	0.979100167
0.613	0.977221671
0.612	0.975340659
0.611	0.973521198
0.61	0.971859335
0.609	0.970451149
0.608	0.969376917
0.607	0.968733435
0.606	0.968521973
0.605	0.968744388
0.604	0.969370867
0.603	0.970355672
0.602	0.971620551
0.601	0.973119155
0.6	0.974755727
0.599	0.976498857
0.598	0.97825095
0.597	0.980012071
0.596	0.981699491
0.595	0.983309107
0.594	0.98481345
0.593	0.986201451
0.592	0.987465303
0.591	0.988607246
0.59	0.989634656
0.589	0.990555037
0.588	0.991376009
0.587	0.992110407
0.586	0.9927644
0.585	0.993347657
0.584	0.99386653
0.583	0.994330872
0.582	0.994747197
0.581	0.995118638
0.58	0.99545009
0.579	0.995748218
0.578	0.996016285
0.577	0.996255845
0.576	0.996470207
0.575	0.996660966
0.574	0.99683322
0.573	0.996985116
0.572	0.997121794
0.571	0.997239655
0.57	0.997343872
0.569	0.997434369
0.568	0.997511067
0.567	0.997575661
0.566	0.997628084
0.565	0.997668269
0.564	0.997697928
0.563	0.997715222
0.562	0.99772187
0.561	0.997717813
0.56	0.997701205
0.559	0.997673772
0.558	0.997635458
0.557	0.997586204
0.556	0.99752415
0.555	0.997449229
0.554	0.997361374
0.553	0.997260518
0.552	0.997144779
0.551	0.9970159
0.55	0.99687017
0.549	0.996709329
0.548	0.996529646
0.547	0.996332857
0.546	0.996117047
0.545	0.995882121
0.544	0.995626148
0.543	0.995347184
0.542	0.995043276
0.541	0.994714309
0.54	0.994360166
0.539	0.993977028
0.538	0.993564764
0.537	0.993125108
0.536	0.992654217
0.535	0.99215569
0.534	0.991627544
0.533	0.991071528
0.532	0.990487532
0.531	0.989879193
0.53	0.989246417
0.529	0.988594747
0.528	0.987925991
0.527	0.987243853
0.526	0.98655771
0.525	0.985869432
0.524	0.985184681
0.523	0.984512928
0.522	0.983859905
0.521	0.983231372
0.52	0.982633119
0.519	0.982074777
0.518	0.981558412
0.517	0.981088013
0.516	0.980667604
0.515	0.980305063
0.514	0.979998747
0.513	0.979729731
0.512	0.979536668
0.511	0.979381423
0.51	0.979283502
0.509	0.979243227
0.508	0.979222173
0.507	0.97923987
0.506	0.979316006
0.505	0.979392449
0.504	0.979508277
0.503	0.979644158
0.502	0.979800221
0.501	0.979956932
0.5	0.980118236
0.499	0.980290088
0.498	0.980462661
0.497	0.980633975
0.496	0.980800046
0.495	0.980958847
0.494	0.981110331
0.493	0.981250447
0.492	0.981377116
0.491	0.98149226
0.49	0.981591776
0.489	0.981677582
0.488	0.981745545
0.487	0.981797578
0.486	0.981831549
0.485	0.981847344
0.484	0.981844851
0.483	0.981823955
0.482	0.981784543
0.481	0.981726502
0.48	0.981647663
0.479	0.981549961
0.478	0.981431218
0.477	0.981293378
0.476	0.981134257
0.475	0.98095373
0.474	0.980753755
0.473	0.980532134
0.472	0.980286657
0.471	0.980021374
0.47	0.979731982
0.469	0.979420448
0.468	0.979084547
0.467	0.97872204
0.466	0.978341228
0.465	0.977914528
0.464	0.977486175
0.463	0.977013733
0.462	0.976518226
0.461	0.975978254
0.46	0.975414918
0.459	0.974828104
0.458	0.974196314
0.457	0.97351934
0.456	0.972796976
0.455	0.972050499
0.454	0.971236788
0.453	0.970398635
0.452	0.969492811
0.451	0.968540641
0.45	0.967541949
0.449	0.966474926
0.448	0.965360997
0.447	0.964178321
0.446	0.962970094
0.445	0.961692781
0.444	0.960389675
0.443	0.959038936
0.442	0.957662215
0.441	0.95630304
0.44	0.954917811
0.439	0.953571964
0.438	0.952265594
0.437	0.950998801
0.436	0.949815491
0.435	0.948693996
0.434	0.947678419
0.433	0.946747165
0.432	0.945900566
0.431	0.945138978
0.43	0.944462785
0.429	0.943872396
0.428	0.943346091
0.427	0.942862013
0.426	0.94242039
0.425	0.942043746
0.424	0.941665477
0.423	0.941330314
0.422	0.940993684
0.421	0.940678038
0.42	0.940360995
0.419	0.940042547
0.418	0.939745284
0.417	0.939424043
0.416	0.939124062
0.415	0.93879999
0.414	0.938474465
0.413	0.938147478
0.412	0.937819018
0.411	0.937489075
0.41	0.937134662
0.409	0.936801676
0.408	0.936467177
0.407	0.936131155
0.406	0.935793598
0.405	0.935454498
0.404	0.935113843
0.403	0.934771622
0.402	0.934427824
0.401	0.934105857
0.4	0.933782392
0.399	0.933457419
0.398	0.933130926
0.397	0.932826525
0.396	0.932520687
0.395	0.932213401
0.394	0.931928436
0.393	0.931642108
0.392	0.931354408
0.391	0.931065326
0.39	0.930798845
0.389	0.930555119
0.388	0.930286097
0.387	0.930039923
0.386	0.929816755
0.385	0.929568208
0.384	0.929342763
0.383	0.929140585
0.382	0.928912946
0.381	0.928708672
0.38	0.928527933
0.379	0.928346276
0.378	0.928163693
0.377	0.927980179
0.376	0.927820531
0.375	0.927660059
0.374	0.927498758
0.373	0.927361613
0.372	0.927223752
0.371	0.927085168
0.37	0.926971042
0.369	0.926831061
0.368	0.926715655
0.367	0.926625018
0.366	0.926508445
0.365	0.926416764
