# Wavelength(μm) Extinction_cofficient
0.2	0.96092
0.201	0.93992
0.202	0.9185
0.203	0.89674
0.204	0.87483
0.205	0.853
0.206	0.83177
0.207	0.81165
0.208	0.79302
0.209	0.77619
0.21	0.76132
0.211	0.74844
0.212	0.7375
0.213	0.72833
0.214	0.72071
0.215	0.71433
0.216	0.7089
0.217	0.70417
0.218	0.69992
0.219	0.69595
0.22	0.69212
0.221	0.68831
0.222	0.68447
0.223	0.6806
0.224	0.67673
0.225	0.67293
0.226	0.6693
0.227	0.66594
0.228	0.66299
0.229	0.66052
0.23	0.65863
0.231	0.6574
0.232	0.65692
0.233	0.65723
0.234	0.65841
0.235	0.66049
0.236	0.66352
0.237	0.66753
0.238	0.67252
0.239	0.67851
0.24	0.6855
0.241	0.69349
0.242	0.70246
0.243	0.7124
0.244	0.72328
0.245	0.73509
0.246	0.74778
0.247	0.76131
0.248	0.77562
0.249	0.79062
0.25	0.80623
0.251	0.82231
0.252	0.83874
0.253	0.85539
0.254	0.87212
0.255	0.88878
0.256	0.90526
0.257	0.92145
0.258	0.93726
0.259	0.95262
0.26	0.96745
0.261	0.98169
0.262	0.99531
0.263	1.00826
0.264	1.02051
0.265	1.03204
0.266	1.04282
0.267	1.05285
0.268	1.0621
0.269	1.07058
0.27	1.07828
0.271	1.08519
0.272	1.09133
0.273	1.09668
0.274	1.10126
0.275	1.10508
0.276	1.10814
0.277	1.11044
0.278	1.11201
0.279	1.11285
0.28	1.11297
0.281	1.11239
0.282	1.11111
0.283	1.10915
0.284	1.10653
0.285	1.10327
0.286	1.09939
0.287	1.09491
0.288	1.08988
0.289	1.0843
0.29	1.07822
0.291	1.07167
0.292	1.06467
0.293	1.05725
0.294	1.04942
0.295	1.04122
0.296	1.03265
0.297	1.02373
0.298	1.01449
0.299	1.00493
0.3	0.99508
0.301	0.98494
0.302	0.97453
0.303	0.96386
0.304	0.95294
0.305	0.9418
0.306	0.93043
0.307	0.91888
0.308	0.90715
0.309	0.89529
0.31	0.88333
0.311	0.8713
0.312	0.85925
0.313	0.84721
0.314	0.83522
0.315	0.82332
0.316	0.81153
0.317	0.79988
0.318	0.7884
0.319	0.77712
0.32	0.76606
0.321	0.75524
0.322	0.7447
0.323	0.73444
0.324	0.72448
0.325	0.71486
0.326	0.70558
0.327	0.69666
0.328	0.68813
0.329	0.67999
0.33	0.67225
0.331	0.66495
0.332	0.65806
0.333	0.65161
0.334	0.64557
0.335	0.63994
0.336	0.63468
0.337	0.62979
0.338	0.62523
0.339	0.62096
0.34	0.61697
0.341	0.61323
0.342	0.60971
0.343	0.60639
0.344	0.60325
0.345	0.60027
0.346	0.59743
0.347	0.59471
0.348	0.59208
0.349	0.58954
0.35	0.58707
0.351	0.58465
0.352	0.58226
0.353	0.57989
0.354	0.57753
0.355	0.57516
0.356	0.57278
0.357	0.57037
0.358	0.56791
0.359	0.5654
0.36	0.56283
0.361	0.56019
0.362	0.55747
0.363	0.55466
0.364	0.55177
0.365	0.54878
0.366	0.54571
0.367	0.54255
0.368	0.5393
0.369	0.53597
0.37	0.53256
0.371	0.52908
0.372	0.52551
0.373	0.52188
0.374	0.51818
0.375	0.51441
0.376	0.51057
0.377	0.50667
0.378	0.50271
0.379	0.49869
0.38	0.49461
0.381	0.49047
0.382	0.48628
0.383	0.48203
0.384	0.47774
0.385	0.47339
0.386	0.46899
0.387	0.46455
0.388	0.46006
0.389	0.45552
0.39	0.45095
0.391	0.44633
0.392	0.44167
0.393	0.43697
0.394	0.43224
0.395	0.42748
0.396	0.42269
0.397	0.41787
0.398	0.41305
0.399	0.40831
0.4	0.40376
0.401	0.39956
0.402	0.39578
0.403	0.39239
0.404	0.38923
0.405	0.38614
0.406	0.38301
0.407	0.37973
0.408	0.37624
0.409	0.37255
0.41	0.36871
0.411	0.36486
0.412	0.36115
0.413	0.35761
0.414	0.3542
0.415	0.35085
0.416	0.34748
0.417	0.3441
0.418	0.34072
0.419	0.33737
0.42	0.33408
0.421	0.33089
0.422	0.3278
0.423	0.32484
0.424	0.32198
0.425	0.31919
0.426	0.31645
0.427	0.31373
0.428	0.31102
0.429	0.30834
0.43	0.3057
0.431	0.30311
0.432	0.30057
0.433	0.2981
0.434	0.29568
0.435	0.2933
0.436	0.29094
0.437	0.28861
0.438	0.2863
0.439	0.28403
0.44	0.28183
0.441	0.27969
0.442	0.27761
0.443	0.27558
0.444	0.27358
0.445	0.27163
0.446	0.26971
0.447	0.26785
0.448	0.26603
0.449	0.26427
0.45	0.26255
0.451	0.26087
0.452	0.25921
0.453	0.25758
0.454	0.25597
0.455	0.2544
0.456	0.25288
0.457	0.25141
0.458	0.25001
0.459	0.24868
0.46	0.24739
0.461	0.24613
0.462	0.24489
0.463	0.24365
0.464	0.24242
0.465	0.24119
0.466	0.23998
0.467	0.23881
0.468	0.23768
0.469	0.23662
0.47	0.23561
0.471	0.23467
0.472	0.23378
0.473	0.23293
0.474	0.2321
0.475	0.23129
0.476	0.23049
0.477	0.22972
0.478	0.22897
0.479	0.22826
0.48	0.2276
0.481	0.22698
0.482	0.22642
0.483	0.22591
0.484	0.22543
0.485	0.22497
0.486	0.22452
0.487	0.22409
0.488	0.22366
0.489	0.22326
0.49	0.2229
0.491	0.22261
0.492	0.22241
0.493	0.22231
0.494	0.2223
0.495	0.2224
0.496	0.22259
0.497	0.22285
0.498	0.22319
0.499	0.2236
0.5	0.2241
0.501	0.2247
0.502	0.22542
0.503	0.22628
0.504	0.22732
0.505	0.22856
0.506	0.23003
0.507	0.23174
0.508	0.23374
0.509	0.23603
0.51	0.23863
0.511	0.24157
0.512	0.24489
0.513	0.24862
0.514	0.25283
0.515	0.25759
0.516	0.26294
0.517	0.26885
0.518	0.27521
0.519	0.28179
0.52	0.28831
0.521	0.29438
0.522	0.29953
0.523	0.3032
0.524	0.3048
0.525	0.30375
0.526	0.29945
0.527	0.2914
0.528	0.27934
0.529	0.26337
0.53	0.24391
0.531	0.22166
0.532	0.19763
0.533	0.17303
0.534	0.14903
0.535	0.12654
0.536	0.10619
0.537	0.08836
0.538	0.07316
0.539	0.06048
0.54	0.05003
0.541	0.04152
0.542	0.03465
0.543	0.02915
0.544	0.02473
0.545	0.0211
0.546	0.01806
0.547	0.01541
0.548	0.01304
0.549	0.01087
0.55	0.00887
0.551	0.00706
0.552	0.00547
0.553	0.00411
0.554	0.00301
0.555	0.00215
0.556	0.0015
0.557	0.00103
0.558	7.03E-4
0.559	4.79E-4
0.56	3.29E-4
0.561	2.28E-4
0.562	1.6E-4
0.563	1.12E-4
0.564	7.97E-5
0.565	5.77E-5
0.566	4.31E-5
0.567	3.33E-5
0.568	2.63E-5
0.569	2.1E-5
0.57	1.69E-5
0.571	1.34E-5
0.572	1.07E-5
0.573	8.57E-6
0.574	6.86E-6
0.575	5.57E-6
0.576	4.57E-6
0.577	3.71E-6
0.578	3.14E-6
0.579	2.71E-6
0.58	2.43E-6
0.581	2.14E-6
0.582	1.86E-6
0.583	1.57E-6
0.584	1.43E-6
0.585	1.29E-6
0.586	1.14E-6
0.587	1E-6
0.588	1E-6
0.589	1E-6
0.59	1E-6
0.591	1E-6
0.592	1E-6
0.593	1E-6
0.594	1E-6
0.595	1E-6
0.596	1E-6
0.597	1E-6
0.598	1E-6
0.599	1E-6
0.6	1E-6
0.601	1E-6
0.602	1E-6
0.603	1E-6
0.604	1E-6
0.605	1E-6
0.606	1E-6
0.607	1E-6
0.608	1E-6
0.609	1E-6
0.61	1E-6
0.611	1E-6
0.612	1E-6
0.613	1E-6
0.614	1E-6
0.615	1E-6
0.616	1E-6
0.617	1E-6
0.618	1E-6
0.619	1E-6
0.62	1E-6
0.621	1E-6
0.622	1E-6
0.623	1E-6
0.624	1E-6
0.625	1E-6
0.626	1E-6
0.627	1E-6
0.628	1E-6
0.629	1E-6
0.63	1E-6
0.631	1E-6
0.632	1E-6
0.633	1E-6
0.634	1E-6
0.635	1E-6
0.636	1E-6
0.637	1E-6
0.638	1E-6
0.639	1E-6
0.64	1E-6
0.641	1E-6
0.642	1E-6
0.643	1E-6
0.644	1E-6
0.645	1E-6
0.646	1E-6
0.647	1E-6
0.648	1E-6
0.649	1E-6
0.65	1E-6
0.651	1E-6
0.652	1E-6
0.653	1E-6
0.654	1E-6
0.655	1E-6
0.656	1E-6
0.657	1E-6
0.658	1E-6
0.659	1E-6
0.66	1E-6
0.661	1E-6
0.662	1E-6
0.663	1E-6
0.664	1E-6
0.665	1E-6
0.666	1E-6
0.667	1E-6
0.668	1E-6
0.669	1E-6
0.67	1E-6
0.671	1E-6
0.672	1E-6
0.673	1E-6
0.674	1E-6
0.675	1E-6
0.676	1E-6
0.677	1E-6
0.678	1E-6
0.679	1E-6
0.68	1E-6
0.681	1E-6
0.682	1E-6
0.683	1E-6
0.684	1E-6
0.685	1E-6
0.686	1E-6
0.687	1E-6
0.688	1E-6
0.689	1E-6
0.69	1E-6
0.691	1E-6
0.692	1E-6
0.693	1E-6
0.694	1E-6
0.695	1E-6
0.696	1E-6
0.697	1E-6
0.698	1E-6
0.699	1E-6
0.7	1E-6
0.701	1E-6
0.702	1E-6
0.703	1E-6
0.704	1E-6
0.705	1E-6
0.706	1E-6
0.707	1E-6
0.708	1E-6
0.709	1E-6
0.71	1E-6
0.711	1E-6
0.712	1E-6
0.713	1E-6
0.714	1E-6
0.715	1E-6
0.716	1E-6
0.717	1E-6
0.718	1E-6
0.719	1E-6
0.72	1E-6
0.721	1E-6
0.722	1E-6
0.723	1E-6
0.724	1E-6
0.725	1E-6
0.726	1E-6
0.727	1E-6
0.728	1E-6
0.729	1E-6
0.73	1E-6
0.731	1E-6
0.732	1E-6
0.733	1E-6
0.734	1E-6
0.735	1E-6
0.736	1E-6
0.737	1E-6
0.738	1E-6
0.739	1E-6
0.74	1E-6
0.741	1E-6
0.742	1E-6
0.743	1E-6
0.744	1E-6
0.745	1E-6
0.746	1E-6
0.747	1E-6
0.748	1E-6
0.749	1E-6
0.75	1E-6
0.751	1E-6
0.752	1E-6
0.753	1E-6
0.754	1E-6
0.755	1E-6
0.756	1E-6
0.757	1E-6
0.758	1E-6
0.759	1E-6
0.76	1E-6
0.761	1E-6
0.762	1E-6
0.763	1E-6
0.764	1E-6
0.765	1E-6
0.766	1E-6
0.767	1E-6
0.768	1E-6
0.769	1E-6
0.77	1E-6
0.771	1E-6
0.772	1E-6
0.773	1E-6
0.774	1E-6
0.775	1E-6
0.776	1E-6
0.777	1E-6
0.778	1E-6
0.779	1E-6
0.78	1E-6
0.781	1E-6
0.782	1E-6
0.783	1E-6
0.784	1E-6
0.785	1E-6
0.786	1E-6
0.787	1E-6
0.788	1E-6
0.789	1E-6
0.79	1E-6
0.791	1E-6
0.792	1E-6
0.793	1E-6
0.794	1E-6
0.795	1E-6
0.796	1E-6
0.797	1E-6
0.798	1E-6
0.799	1E-6
0.8	1E-6
0.801	1E-6
0.802	1E-6
0.803	1E-6
0.804	1E-6
0.805	1E-6
0.806	1E-6
0.807	1E-6
0.808	1E-6
0.809	1E-6
0.81	1E-6
0.811	1E-6
0.812	1E-6
0.813	1E-6
0.814	1E-6
0.815	1E-6
0.816	1E-6
0.817	1E-6
0.818	1E-6
0.819	1E-6
0.82	1E-6
0.821	1E-6
0.822	1E-6
0.823	1E-6
0.824	1E-6
0.825	1E-6
0.826	1E-6
0.827	1E-6
0.828	1E-6
0.829	1E-6
0.83	1E-6
0.831	1E-6
0.832	1E-6
0.833	1E-6
0.834	1E-6
0.835	1E-6
0.836	1E-6
0.837	1E-6
0.838	1E-6
0.839	1E-6
0.84	1E-6
0.841	1E-6
0.842	1E-6
0.843	1E-6
0.844	1E-6
0.845	1E-6
0.846	1E-6
0.847	1E-6
0.848	1E-6
0.849	1E-6
0.85	1E-6
0.851	1E-6
0.852	1E-6
0.853	1E-6
0.854	1E-6
0.855	1E-6
0.856	1E-6
0.857	1E-6
0.858	1E-6
0.859	1E-6
0.86	1E-6
0.861	1E-6
0.862	1E-6
0.863	1E-6
0.864	1E-6
0.865	1E-6
0.866	1E-6
0.867	1E-6
0.868	1E-6
0.869	1E-6
0.87	1E-6
0.871	1E-6
0.872	1E-6
0.873	1E-6
0.874	1E-6
0.875	1E-6
0.876	1E-6
0.877	1E-6
0.878	1E-6
0.879	1E-6
0.88	1E-6
0.881	1E-6
0.882	1E-6
0.883	1E-6
0.884	1E-6
0.885	1E-6
0.886	1E-6
0.887	1E-6
0.888	1E-6
0.889	1E-6
0.89	1E-6
0.891	1E-6
0.892	1E-6
0.893	1E-6
0.894	1E-6
0.895	1E-6
0.896	1E-6
0.897	1E-6
0.898	1E-6
0.899	1E-6
0.9	1E-6
0.901	1E-6
0.902	1E-6
0.903	1E-6
0.904	1E-6
0.905	1E-6
0.906	1E-6
0.907	1E-6
0.908	1E-6
0.909	1E-6
0.91	1E-6
0.911	1E-6
0.912	1E-6
0.913	1E-6
0.914	1E-6
0.915	1E-6
0.916	1E-6
0.917	1E-6
0.918	1E-6
0.919	1E-6
0.92	1E-6
0.921	1E-6
0.922	1E-6
0.923	1E-6
0.924	1E-6
0.925	1E-6
0.926	1E-6
0.927	1E-6
0.928	1E-6
0.929	1E-6
0.93	1E-6
0.931	1E-6
0.932	1E-6
0.933	1E-6
0.934	1E-6
0.935	1E-6
0.936	1E-6
0.937	1E-6
0.938	1E-6
0.939	1E-6
0.94	1E-6
0.941	1E-6
0.942	1E-6
0.943	1E-6
0.944	1E-6
0.945	1E-6
0.946	1E-6
0.947	1E-6
0.948	1E-6
0.949	1E-6
0.95	1E-6
0.951	1E-6
0.952	1E-6
0.953	1E-6
0.954	1E-6
0.955	1E-6
0.956	1E-6
0.957	1E-6
0.958	1E-6
0.959	1E-6
0.96	1E-6
0.961	1E-6
0.962	1E-6
0.963	1E-6
0.964	1E-6
0.965	1E-6
0.966	1E-6
0.967	1E-6
0.968	1E-6
0.969	1E-6
0.97	1E-6
0.971	1E-6
0.972	1E-6
0.973	1E-6
0.974	1E-6
0.975	1E-6
0.976	1E-6
0.977	1E-6
0.978	1E-6
0.979	1E-6
0.98	1E-6
0.981	1E-6
0.982	1E-6
0.983	1E-6
0.984	1E-6
0.985	1E-6
0.986	1E-6
0.987	1E-6
0.988	1E-6
0.989	1E-6
0.99	1E-6
0.991	1E-6
0.992	1E-6
0.993	1E-6
0.994	1E-6
0.995	1E-6
0.996	1E-6
0.997	1E-6
0.998	1E-6
0.999	1E-6
1	1E-6
1.001	1E-6
1.002	1E-6
1.003	1E-6
1.004	1E-6
1.005	1E-6
1.006	1E-6
1.007	1E-6
1.008	1E-6
1.009	1E-6
1.01	1E-6
1.011	1E-6
1.012	1E-6
1.013	1E-6
1.014	1E-6
1.015	1E-6
1.016	1E-6
1.017	1E-6
1.018	1E-6
1.019	1E-6
1.02	1E-6
1.021	1E-6
1.022	1E-6
1.023	1E-6
1.024	1E-6
1.025	1E-6
1.026	1E-6
1.027	1E-6
1.028	1E-6
1.029	1E-6
1.03	1E-6
1.031	1E-6
1.032	1E-6
1.033	1E-6
1.034	1E-6
1.035	1E-6
1.036	1E-6
1.037	1E-6
1.038	1E-6
1.039	1E-6
1.04	1E-6
1.041	1E-6
1.042	1E-6
1.043	1E-6
1.044	1E-6
1.045	1E-6
1.046	1E-6
1.047	1E-6
1.048	1E-6
1.049	1E-6
1.05	1E-6
1.051	1E-6
1.052	1.14E-6
1.053	1.29E-6
1.054	1.43E-6
1.055	1.57E-6
1.056	1.71E-6
1.057	1.86E-6
1.058	2E-6
1.059	2E-6
1.06	2E-6
1.061	2E-6
1.062	2E-6
1.063	2E-6
1.064	2E-6
1.065	2E-6
1.066	2E-6
1.067	2E-6
1.068	2E-6
1.069	2E-6
1.07	2E-6
1.071	2E-6
1.072	2E-6
1.073	2E-6
1.074	2E-6
1.075	2E-6
1.076	2E-6
1.077	2E-6
1.078	2E-6
1.079	2E-6
1.08	2E-6
1.081	2E-6
1.082	2E-6
1.083	2E-6
1.084	2E-6
1.085	2E-6
1.086	2E-6
1.087	2E-6
1.088	2E-6
1.089	2E-6
1.09	2E-6
1.091	2E-6
1.092	2E-6
1.093	2E-6
1.094	2E-6
1.095	2E-6
1.096	2E-6
1.097	2E-6
1.098	2E-6
1.099	2E-6
1.1	2E-6
1.101	2E-6
1.102	2E-6
1.103	2E-6
1.104	2E-6
1.105	2E-6
1.106	2E-6
1.107	2E-6
1.108	2E-6
1.109	2E-6
1.11	2E-6
1.111	2E-6
1.112	2E-6
1.113	2E-6
1.114	2E-6
1.115	2E-6
1.116	2E-6
1.117	2E-6
1.118	2E-6
1.119	2E-6
1.12	2E-6
1.121	2E-6
1.122	2E-6
1.123	2E-6
1.124	2E-6
1.125	2E-6
1.126	2E-6
1.127	2E-6
1.128	2E-6
1.129	2E-6
1.13	2E-6
1.131	2E-6
1.132	2E-6
1.133	2E-6
1.134	2E-6
1.135	2E-6
1.136	2E-6
1.137	2E-6
1.138	2E-6
1.139	2E-6
1.14	2E-6
1.141	2E-6
1.142	2E-6
1.143	2E-6
1.144	2E-6
1.145	2E-6
1.146	2E-6
1.147	2E-6
1.148	2.14E-6
1.149	2.29E-6
1.15	2.43E-6
1.151	2.71E-6
1.152	3E-6
1.153	3.29E-6
1.154	3.57E-6
1.155	3.71E-6
1.156	3.71E-6
1.157	3.71E-6
1.158	3.57E-6
1.159	3.43E-6
1.16	3.29E-6
1.161	3E-6
1.162	2.71E-6
1.163	2.57E-6
1.164	2.43E-6
1.165	2.29E-6
1.166	2.14E-6
1.167	2E-6
1.168	2E-6
1.169	2E-6
1.17	2E-6
1.171	2E-6
1.172	2E-6
1.173	2E-6
1.174	2E-6
1.175	2E-6
1.176	2E-6
1.177	2E-6
1.178	2E-6
1.179	2E-6
1.18	2E-6
1.181	2E-6
1.182	2E-6
1.183	2E-6
1.184	2E-6
1.185	2E-6
1.186	2E-6
1.187	2E-6
1.188	2E-6
1.189	2E-6
1.19	2E-6
1.191	2E-6
1.192	2E-6
1.193	1.86E-6
1.194	1.71E-6
1.195	1.57E-6
1.196	1.43E-6
1.197	1.29E-6
1.198	1.14E-6
1.199	1E-6
1.2	1E-6
1.201	1E-6
1.202	1E-6
1.203	1E-6
1.204	1E-6
1.205	1E-6
1.206	1E-6
1.207	1E-6
1.208	1E-6
1.209	1E-6
1.21	1E-6
1.211	1E-6
1.212	1E-6
1.213	1E-6
1.214	1E-6
1.215	1E-6
1.216	1E-6
1.217	1E-6
1.218	1E-6
1.219	1E-6
1.22	1E-6
1.221	1E-6
1.222	1E-6
1.223	1.14E-6
1.224	1.29E-6
1.225	1.43E-6
1.226	1.57E-6
1.227	1.71E-6
1.228	1.86E-6
1.229	2E-6
1.23	2E-6
1.231	2E-6
1.232	2E-6
1.233	2E-6
1.234	2E-6
1.235	2E-6
1.236	2E-6
1.237	2E-6
1.238	2E-6
1.239	2E-6
1.24	2E-6
1.241	2E-6
1.242	2E-6
1.243	2E-6
1.244	2E-6
1.245	2E-6
1.246	2E-6
1.247	2E-6
1.248	2E-6
1.249	2E-6
1.25	2E-6
1.251	2E-6
1.252	2.14E-6
1.253	2.29E-6
1.254	2.43E-6
1.255	2.57E-6
1.256	2.71E-6
1.257	2.86E-6
1.258	3E-6
1.259	3E-6
1.26	3E-6
1.261	3E-6
1.262	3E-6
1.263	3.14E-6
1.264	3.29E-6
1.265	3.43E-6
1.266	3.57E-6
1.267	3.71E-6
1.268	3.86E-6
1.269	4E-6
1.27	4E-6
1.271	4E-6
1.272	4E-6
1.273	4.14E-6
1.274	4.29E-6
1.275	4.43E-6
1.276	4.57E-6
1.277	4.71E-6
1.278	4.86E-6
1.279	5E-6
1.28	5E-6
1.281	5E-6
1.282	5E-6
1.283	5E-6
1.284	5E-6
1.285	5E-6
1.286	5E-6
1.287	5E-6
1.288	5E-6
1.289	5E-6
1.29	5E-6
1.291	5E-6
1.292	5E-6
1.293	5E-6
1.294	5E-6
1.295	5E-6
1.296	5E-6
1.297	5E-6
1.298	5E-6
1.299	5E-6
1.3	5E-6
1.301	5E-6
1.302	5E-6
1.303	5E-6
1.304	5E-6
1.305	5E-6
1.306	5E-6
1.307	4.86E-6
1.308	4.71E-6
1.309	4.57E-6
1.31	4.43E-6
1.311	4.29E-6
1.312	4.14E-6
1.313	4E-6
1.314	4E-6
1.315	4E-6
1.316	4E-6
1.317	4E-6
1.318	4E-6
1.319	4E-6
1.32	4E-6
1.321	4E-6
1.322	4E-6
1.323	4E-6
1.324	4E-6
1.325	4E-6
1.326	4E-6
1.327	4.14E-6
1.328	4.29E-6
1.329	4.43E-6
1.33	4.57E-6
1.331	4.86E-6
1.332	5.14E-6
1.333	5.43E-6
1.334	5.57E-6
1.335	5.57E-6
1.336	5.57E-6
1.337	5.57E-6
1.338	5.43E-6
1.339	5.29E-6
1.34	5.14E-6
1.341	5.14E-6
1.342	5.29E-6
1.343	5.43E-6
1.344	5.57E-6
1.345	5.71E-6
1.346	5.86E-6
1.347	5.86E-6
1.348	5.71E-6
1.349	5.57E-6
1.35	5.43E-6
1.351	5.29E-6
1.352	5.14E-6
1.353	5.14E-6
1.354	5.29E-6
1.355	5.43E-6
1.356	5.71E-6
1.357	6E-6
1.358	6.29E-6
1.359	6.57E-6
1.36	6.71E-6
1.361	6.86E-6
1.362	7E-6
1.363	7E-6
1.364	7E-6
1.365	7E-6
1.366	6.86E-6
1.367	6.71E-6
1.368	6.43E-6
1.369	6.14E-6
1.37	5.86E-6
1.371	5.57E-6
1.372	5.29E-6
1.373	5.14E-6
1.374	5E-6
1.375	5E-6
1.376	5E-6
1.377	5E-6
1.378	4.86E-6
1.379	4.71E-6
1.38	4.57E-6
1.381	4.43E-6
1.382	4.29E-6
1.383	4.14E-6
1.384	4E-6
1.385	4E-6
1.386	4E-6
1.387	4E-6
1.388	4E-6
1.389	4.14E-6
1.39	4.29E-6
1.391	4.43E-6
1.392	4.57E-6
1.393	4.71E-6
1.394	4.86E-6
1.395	5E-6
1.396	5E-6
1.397	5E-6
1.398	5E-6
1.399	5E-6
1.4	5E-6
1.401	4.86E-6
1.402	4.71E-6
1.403	4.57E-6
1.404	4.43E-6
1.405	4.29E-6
1.406	4.14E-6
1.407	4E-6
1.408	4E-6
1.409	4E-6
1.41	4E-6
1.411	4E-6
1.412	4E-6
1.413	4E-6
1.414	4E-6
1.415	4E-6
1.416	4E-6
1.417	4E-6
1.418	4E-6
1.419	4E-6
1.42	3.86E-6
1.421	3.71E-6
1.422	3.57E-6
1.423	3.43E-6
1.424	3.29E-6
1.425	3.14E-6
1.426	3E-6
1.427	3E-6
1.428	3E-6
1.429	3E-6
1.43	3E-6
1.431	3E-6
1.432	3E-6
1.433	3E-6
1.434	3E-6
1.435	3E-6
1.436	3E-6
1.437	3E-6
1.438	3E-6
1.439	3E-6
1.44	3E-6
1.441	3E-6
1.442	3E-6
1.443	3E-6
1.444	3E-6
1.445	3E-6
1.446	3E-6
1.447	3E-6
1.448	3E-6
1.449	3E-6
1.45	3E-6
1.451	3E-6
1.452	3E-6
1.453	3E-6
1.454	3E-6
1.455	3E-6
1.456	3E-6
1.457	3E-6
1.458	3E-6
1.459	3E-6
1.46	3E-6
1.461	3E-6
1.462	3E-6
1.463	3E-6
1.464	3E-6
1.465	3E-6
1.466	3E-6
1.467	3E-6
1.468	3E-6
1.469	3E-6
1.47	3E-6
1.471	3E-6
1.472	3E-6
1.473	3E-6
1.474	3E-6
1.475	3E-6
1.476	3E-6
1.477	3E-6
1.478	3E-6
1.479	3E-6
1.48	3E-6
1.481	3E-6
1.482	3E-6
1.483	3E-6
1.484	3E-6
1.485	3E-6
1.486	3E-6
1.487	3E-6
1.488	3E-6
1.489	3E-6
1.49	3E-6
1.491	3E-6
1.492	3E-6
1.493	3E-6
1.494	3E-6
1.495	3E-6
1.496	3E-6
1.497	3E-6
1.498	3E-6
1.499	3E-6
1.5	3.14E-6
1.501	3.29E-6
1.502	3.43E-6
1.503	3.57E-6
1.504	3.71E-6
1.505	3.86E-6
1.506	4E-6
1.507	4E-6
1.508	4E-6
1.509	4E-6
1.51	4E-6
1.511	4.14E-6
1.512	4.29E-6
1.513	4.43E-6
1.514	4.57E-6
1.515	4.71E-6
1.516	4.86E-6
1.517	5E-6
1.518	5.14E-6
1.519	5.29E-6
1.52	5.43E-6
1.521	5.57E-6
1.522	5.71E-6
1.523	6E-6
1.524	6.29E-6
1.525	6.43E-6
1.526	6.57E-6
1.527	6.86E-6
1.528	7.14E-6
1.529	7.43E-6
1.53	7.71E-6
1.531	8E-6
1.532	8.29E-6
1.533	8.71E-6
1.534	9E-6
1.535	9.29E-6
1.536	9.71E-6
1.537	1E-5
1.538	1.04E-5
1.539	1.09E-5
1.54	1.13E-5
1.541	1.17E-5
1.542	1.23E-5
1.543	1.29E-5
1.544	1.34E-5
1.545	1.4E-5
1.546	1.47E-5
1.547	1.54E-5
1.548	1.61E-5
1.549	1.69E-5
1.55	1.76E-5
1.551	1.84E-5
1.552	1.93E-5
1.553	2.03E-5
1.554	2.13E-5
1.555	2.24E-5
1.556	2.36E-5
1.557	2.49E-5
1.558	2.61E-5
1.559	2.76E-5
1.56	2.89E-5
1.561	3.03E-5
1.562	3.19E-5
1.563	3.34E-5
1.564	3.5E-5
1.565	3.67E-5
1.566	3.84E-5
1.567	4.03E-5
1.568	4.21E-5
1.569	4.4E-5
1.57	4.59E-5
1.571	4.77E-5
1.572	4.96E-5
1.573	5.14E-5
1.574	5.33E-5
1.575	5.5E-5
1.576	5.67E-5
1.577	5.84E-5
1.578	6.01E-5
1.579	6.17E-5
1.58	6.31E-5
1.581	6.46E-5
1.582	6.6E-5
1.583	6.73E-5
1.584	6.84E-5
1.585	6.94E-5
1.586	7.04E-5
1.587	7.13E-5
1.588	7.19E-5
1.589	7.23E-5
1.59	7.26E-5
1.591	7.29E-5
1.592	7.29E-5
1.593	7.27E-5
1.594	7.24E-5
1.595	7.2E-5
1.596	7.14E-5
1.597	7.07E-5
1.598	6.99E-5
1.599	6.9E-5
1.6	6.8E-5
1.601	6.69E-5
1.602	6.57E-5
1.603	6.46E-5
1.604	6.34E-5
1.605	6.21E-5
1.606	6.09E-5
1.607	5.96E-5
1.608	5.84E-5
1.609	5.73E-5
1.61	5.61E-5
1.611	5.5E-5
1.612	5.4E-5
1.613	5.3E-5
1.614	5.2E-5
1.615	5.1E-5
1.616	5E-5
1.617	4.9E-5
1.618	4.8E-5
1.619	4.7E-5
1.62	4.61E-5
1.621	4.53E-5
1.622	4.44E-5
1.623	4.37E-5
1.624	4.3E-5
1.625	4.23E-5
1.626	4.17E-5
1.627	4.1E-5
1.628	4.03E-5
1.629	3.97E-5
1.63	3.9E-5
1.631	3.84E-5
1.632	3.8E-5
1.633	3.74E-5
1.634	3.7E-5
1.635	3.67E-5
1.636	3.64E-5
1.637	3.63E-5
1.638	3.61E-5
1.639	3.6E-5
1.64	3.6E-5
1.641	3.6E-5
1.642	3.59E-5
1.643	3.57E-5
1.644	3.56E-5
1.645	3.54E-5
1.646	3.53E-5
1.647	3.5E-5
1.648	3.47E-5
1.649	3.43E-5
1.65	3.37E-5
1.651	3.3E-5
1.652	3.21E-5
1.653	3.13E-5
1.654	3.09E-5
1.655	3.06E-5
1.656	3.09E-5
1.657	3.16E-5
1.658	3.26E-5
1.659	3.37E-5
1.66	3.49E-5
1.661	3.54E-5
1.662	3.56E-5
1.663	3.5E-5
1.664	3.37E-5
1.665	3.19E-5
1.666	2.97E-5
1.667	2.73E-5
1.668	2.51E-5
1.669	2.33E-5
1.67	2.19E-5
1.671	2.09E-5
1.672	2.01E-5
1.673	1.97E-5
1.674	1.96E-5
1.675	1.94E-5
1.676	1.91E-5
1.677	1.89E-5
1.678	1.87E-5
1.679	1.87E-5
1.68	1.87E-5
1.681	1.89E-5
1.682	1.9E-5
1.683	1.94E-5
1.684	1.99E-5
1.685	2.03E-5
1.686	2.07E-5
1.687	2.13E-5
1.688	2.17E-5
1.689	2.23E-5
1.69	2.29E-5
1.691	2.36E-5
1.692	2.43E-5
1.693	2.5E-5
1.694	2.57E-5
1.695	2.63E-5
1.696	2.67E-5
1.697	2.69E-5
1.698	2.67E-5
1.699	2.63E-5
1.7	2.57E-5
1.701	2.49E-5
1.702	2.4E-5
1.703	2.3E-5
1.704	2.21E-5
1.705	2.14E-5
1.706	2.1E-5
1.707	2.07E-5
1.708	2.07E-5
1.709	2.09E-5
1.71	2.13E-5
1.711	2.17E-5
1.712	2.21E-5
1.713	2.24E-5
1.714	2.26E-5
1.715	2.24E-5
1.716	2.21E-5
1.717	2.16E-5
1.718	2.1E-5
1.719	2.03E-5
1.72	1.94E-5
1.721	1.87E-5
1.722	1.8E-5
1.723	1.74E-5
1.724	1.69E-5
1.725	1.63E-5
1.726	1.59E-5
1.727	1.56E-5
1.728	1.53E-5
1.729	1.5E-5
1.73	1.47E-5
1.731	1.46E-5
1.732	1.44E-5
1.733	1.43E-5
1.734	1.41E-5
1.735	1.4E-5
1.736	1.4E-5
1.737	1.4E-5
1.738	1.4E-5
1.739	1.4E-5
1.74	1.41E-5
1.741	1.43E-5
1.742	1.46E-5
1.743	1.5E-5
1.744	1.54E-5
1.745	1.6E-5
1.746	1.67E-5
1.747	1.73E-5
1.748	1.79E-5
1.749	1.81E-5
1.75	1.83E-5
1.751	1.84E-5
1.752	1.83E-5
1.753	1.8E-5
1.754	1.77E-5
1.755	1.74E-5
1.756	1.73E-5
1.757	1.7E-5
1.758	1.67E-5
1.759	1.66E-5
1.76	1.63E-5
1.761	1.6E-5
1.762	1.57E-5
1.763	1.54E-5
1.764	1.53E-5
1.765	1.5E-5
1.766	1.47E-5
1.767	1.46E-5
1.768	1.44E-5
1.769	1.43E-5
1.77	1.41E-5
1.771	1.4E-5
1.772	1.4E-5
1.773	1.4E-5
1.774	1.4E-5
1.775	1.4E-5
1.776	1.4E-5
1.777	1.4E-5
1.778	1.4E-5
1.779	1.4E-5
1.78	1.4E-5
1.781	1.4E-5
1.782	1.4E-5
1.783	1.4E-5
1.784	1.4E-5
1.785	1.4E-5
1.786	1.4E-5
1.787	1.4E-5
1.788	1.4E-5
1.789	1.4E-5
1.79	1.41E-5
1.791	1.43E-5
1.792	1.44E-5
1.793	1.46E-5
1.794	1.47E-5
1.795	1.49E-5
1.796	1.5E-5
1.797	1.5E-5
1.798	1.5E-5
1.799	1.51E-5
1.8	1.53E-5
1.801	1.54E-5
1.802	1.56E-5
1.803	1.57E-5
1.804	1.59E-5
1.805	1.6E-5
1.806	1.6E-5
1.807	1.6E-5
1.808	1.6E-5
1.809	1.6E-5
1.81	1.59E-5
1.811	1.57E-5
1.812	1.56E-5
1.813	1.54E-5
1.814	1.51E-5
1.815	1.49E-5
1.816	1.46E-5
1.817	1.44E-5
1.818	1.43E-5
1.819	1.41E-5
1.82	1.39E-5
1.821	1.37E-5
1.822	1.36E-5
1.823	1.34E-5
1.824	1.33E-5
1.825	1.33E-5
1.826	1.33E-5
1.827	1.34E-5
1.828	1.36E-5
1.829	1.39E-5
1.83	1.41E-5
1.831	1.44E-5
1.832	1.46E-5
1.833	1.47E-5
1.834	1.49E-5
1.835	1.5E-5
1.836	1.5E-5
1.837	1.49E-5
1.838	1.47E-5
1.839	1.46E-5
1.84	1.44E-5
1.841	1.43E-5
1.842	1.41E-5
1.843	1.4E-5
1.844	1.4E-5
1.845	1.4E-5
1.846	1.4E-5
1.847	1.41E-5
1.848	1.43E-5
1.849	1.44E-5
1.85	1.46E-5
1.851	1.49E-5
1.852	1.51E-5
1.853	1.54E-5
1.854	1.56E-5
1.855	1.57E-5
1.856	1.59E-5
1.857	1.6E-5
1.858	1.6E-5
1.859	1.6E-5
1.86	1.61E-5
1.861	1.63E-5
1.862	1.64E-5
1.863	1.66E-5
1.864	1.66E-5
1.865	1.66E-5
1.866	1.66E-5
1.867	1.64E-5
1.868	1.63E-5
1.869	1.61E-5
1.87	1.6E-5
1.871	1.6E-5
1.872	1.6E-5
1.873	1.6E-5
1.874	1.6E-5
1.875	1.6E-5
1.876	1.6E-5
1.877	1.6E-5
1.878	1.6E-5
1.879	1.6E-5
1.88	1.59E-5
1.881	1.57E-5
1.882	1.56E-5
1.883	1.54E-5
1.884	1.53E-5
1.885	1.51E-5
1.886	1.5E-5
1.887	1.49E-5
1.888	1.47E-5
1.889	1.46E-5
1.89	1.44E-5
1.891	1.43E-5
1.892	1.41E-5
1.893	1.4E-5
1.894	1.4E-5
1.895	1.4E-5
1.896	1.4E-5
1.897	1.4E-5
1.898	1.4E-5
1.899	1.4E-5
1.9	1.4E-5
1.901	1.4E-5
1.902	1.4E-5
1.903	1.4E-5
1.904	1.39E-5
1.905	1.37E-5
1.906	1.36E-5
1.907	1.34E-5
1.908	1.33E-5
1.909	1.31E-5
1.91	1.31E-5
1.911	1.33E-5
1.912	1.34E-5
1.913	1.36E-5
1.914	1.39E-5
1.915	1.41E-5
1.916	1.44E-5
1.917	1.47E-5
1.918	1.5E-5
1.919	1.53E-5
1.92	1.57E-5
1.921	1.6E-5
1.922	1.63E-5
1.923	1.66E-5
1.924	1.67E-5
1.925	1.69E-5
1.926	1.7E-5
1.927	1.7E-5
1.928	1.7E-5
1.929	1.7E-5
1.93	1.7E-5
1.931	1.7E-5
1.932	1.7E-5
1.933	1.7E-5
1.934	1.7E-5
1.935	1.7E-5
1.936	1.71E-5
1.937	1.73E-5
1.938	1.74E-5
1.939	1.76E-5
1.94	1.79E-5
1.941	1.81E-5
1.942	1.84E-5
1.943	1.87E-5
1.944	1.9E-5
1.945	1.94E-5
1.946	2E-5
1.947	2.06E-5
1.948	2.11E-5
1.949	2.19E-5
1.95	2.26E-5
1.951	2.34E-5
1.952	2.41E-5
1.953	2.49E-5
1.954	2.56E-5
1.955	2.63E-5
1.956	2.69E-5
1.957	2.74E-5
1.958	2.79E-5
1.959	2.84E-5
1.96	2.89E-5
1.961	2.93E-5
1.962	2.97E-5
1.963	3.03E-5
1.964	3.07E-5
1.965	3.13E-5
1.966	3.19E-5
1.967	3.26E-5
1.968	3.33E-5
1.969	3.41E-5
1.97	3.49E-5
1.971	3.57E-5
1.972	3.66E-5
1.973	3.74E-5
1.974	3.81E-5
1.975	3.89E-5
1.976	3.96E-5
1.977	4.03E-5
1.978	4.1E-5
1.979	4.17E-5
1.98	4.23E-5
1.981	4.3E-5
1.982	4.37E-5
1.983	4.43E-5
1.984	4.5E-5
1.985	4.56E-5
1.986	4.61E-5
1.987	4.67E-5
1.988	4.73E-5
1.989	4.77E-5
1.99	4.81E-5
1.991	4.86E-5
1.992	4.9E-5
1.993	4.94E-5
1.994	4.99E-5
1.995	5.03E-5
1.996	5.07E-5
1.997	5.13E-5
1.998	5.19E-5
1.999	5.24E-5
2	5.3E-5
2.001	5.37E-5
2.002	5.44E-5
2.003	5.53E-5
2.004	5.61E-5
2.005	5.69E-5
2.006	5.77E-5
2.007	5.87E-5
2.008	5.97E-5
2.009	6.07E-5
2.01	6.17E-5
2.011	6.27E-5
2.012	6.39E-5
2.013	6.5E-5
2.014	6.6E-5
2.015	6.7E-5
2.016	6.81E-5
2.017	6.93E-5
2.018	7.04E-5
2.019	7.17E-5
2.02	7.3E-5
2.021	7.44E-5
2.022	7.6E-5
2.023	7.76E-5
2.024	7.93E-5
2.025	8.11E-5
2.026	8.31E-5
2.027	8.53E-5
2.028	8.76E-5
2.029	9E-5
2.03	9.26E-5
2.031	9.53E-5
2.032	9.81E-5
2.033	1.01E-4
2.034	1.04E-4
2.035	1.07E-4
2.036	1.1E-4
2.037	1.14E-4
2.038	1.17E-4
2.039	1.21E-4
2.04	1.25E-4
2.041	1.29E-4
2.042	1.34E-4
2.043	1.38E-4
2.044	1.43E-4
2.045	1.49E-4
2.046	1.55E-4
2.047	1.61E-4
2.048	1.67E-4
2.049	1.74E-4
2.05	1.81E-4
2.051	1.89E-4
2.052	1.96E-4
2.053	2.04E-4
2.054	2.12E-4
2.055	2.2E-4
2.056	2.29E-4
2.057	2.37E-4
2.058	2.46E-4
2.059	2.55E-4
2.06	2.65E-4
2.061	2.74E-4
2.062	2.84E-4
2.063	2.94E-4
2.064	3.04E-4
2.065	3.14E-4
2.066	3.25E-4
2.067	3.35E-4
2.068	3.46E-4
2.069	3.57E-4
2.07	3.68E-4
2.071	3.8E-4
2.072	3.91E-4
2.073	4.03E-4
2.074	4.15E-4
2.075	4.27E-4
2.076	4.39E-4
2.077	4.51E-4
2.078	4.64E-4
2.079	4.77E-4
2.08	4.89E-4
2.081	5.02E-4
2.082	5.15E-4
2.083	5.29E-4
2.084	5.42E-4
2.085	5.55E-4
2.086	5.69E-4
2.087	5.83E-4
2.088	5.97E-4
2.089	6.11E-4
2.09	6.25E-4
2.091	6.39E-4
2.092	6.53E-4
2.093	6.68E-4
2.094	6.82E-4
2.095	6.97E-4
2.096	7.11E-4
2.097	7.26E-4
2.098	7.41E-4
2.099	7.56E-4
2.1	7.71E-4
2.101	7.87E-4
2.102	8.02E-4
2.103	8.17E-4
2.104	8.33E-4
2.105	8.48E-4
2.106	8.64E-4
2.107	8.8E-4
2.108	8.95E-4
2.109	9.11E-4
2.11	9.27E-4
2.111	9.43E-4
2.112	9.59E-4
2.113	9.75E-4
2.114	9.91E-4
2.115	0.00101
2.116	0.00102
2.117	0.00104
2.118	0.00106
2.119	0.00107
2.12	0.00109
2.121	0.0011
2.122	0.00112
2.123	0.00114
2.124	0.00115
2.125	0.00117
2.126	0.00119
2.127	0.0012
2.128	0.00122
2.129	0.00124
2.13	0.00125
2.131	0.00127
2.132	0.00129
2.133	0.0013
2.134	0.00132
2.135	0.00134
2.136	0.00135
2.137	0.00137
2.138	0.00139
2.139	0.0014
2.14	0.00142
2.141	0.00144
2.142	0.00145
2.143	0.00147
2.144	0.00149
2.145	0.0015
2.146	0.00152
2.147	0.00154
2.148	0.00155
2.149	0.00157
2.15	0.00159
2.151	0.0016
2.152	0.00162
2.153	0.00164
2.154	0.00165
2.155	0.00167
2.156	0.00168
2.157	0.0017
2.158	0.00172
2.159	0.00173
2.16	0.00175
2.161	0.00176
2.162	0.00178
2.163	0.0018
2.164	0.00181
2.165	0.00183
2.166	0.00184
2.167	0.00186
2.168	0.00188
2.169	0.00189
2.17	0.00191
2.171	0.00192
2.172	0.00194
2.173	0.00195
2.174	0.00197
2.175	0.00198
2.176	0.002
2.177	0.00201
2.178	0.00203
2.179	0.00204
2.18	0.00206
2.181	0.00207
2.182	0.00209
2.183	0.0021
2.184	0.00212
2.185	0.00213
2.186	0.00214
2.187	0.00216
2.188	0.00217
2.189	0.00219
2.19	0.0022
2.191	0.00221
2.192	0.00223
2.193	0.00224
2.194	0.00225
2.195	0.00227
2.196	0.00228
2.197	0.00229
2.198	0.00231
2.199	0.00232
2.2	0.00233
2.201	0.00235
2.202	0.00236
2.203	0.00237
2.204	0.00238
2.205	0.00239
2.206	0.00241
2.207	0.00242
2.208	0.00243
2.209	0.00244
2.21	0.00245
2.211	0.00246
2.212	0.00248
2.213	0.00249
2.214	0.0025
2.215	0.00251
2.216	0.00252
2.217	0.00253
2.218	0.00254
2.219	0.00255
2.22	0.00256
2.221	0.00257
2.222	0.00258
2.223	0.00259
2.224	0.0026
2.225	0.00261
2.226	0.00262
2.227	0.00263
2.228	0.00264
2.229	0.00265
2.23	0.00265
2.231	0.00266
2.232	0.00267
2.233	0.00268
2.234	0.00269
2.235	0.00269
2.236	0.0027
2.237	0.00271
2.238	0.00272
2.239	0.00272
2.24	0.00273
2.241	0.00274
2.242	0.00274
2.243	0.00275
2.244	0.00276
2.245	0.00276
2.246	0.00277
2.247	0.00278
2.248	0.00278
2.249	0.00279
2.25	0.00279
2.251	0.0028
2.252	0.0028
2.253	0.00281
2.254	0.00281
2.255	0.00281
2.256	0.00282
2.257	0.00282
2.258	0.00283
2.259	0.00283
2.26	0.00283
2.261	0.00284
2.262	0.00284
2.263	0.00284
2.264	0.00285
2.265	0.00285
2.266	0.00285
2.267	0.00285
2.268	0.00285
2.269	0.00285
2.27	0.00286
2.271	0.00286
2.272	0.00286
2.273	0.00286
2.274	0.00286
2.275	0.00286
2.276	0.00286
2.277	0.00286
2.278	0.00286
2.279	0.00286
2.28	0.00286
2.281	0.00286
2.282	0.00286
2.283	0.00286
2.284	0.00285
2.285	0.00285
2.286	0.00285
2.287	0.00285
2.288	0.00285
2.289	0.00284
2.29	0.00284
2.291	0.00284
2.292	0.00283
2.293	0.00283
2.294	0.00283
2.295	0.00282
2.296	0.00282
2.297	0.00281
2.298	0.00281
2.299	0.0028
2.3	0.0028
2.301	0.00279
2.302	0.00279
2.303	0.00278
2.304	0.00278
2.305	0.00277
2.306	0.00276
2.307	0.00276
2.308	0.00275
2.309	0.00274
2.31	0.00274
2.311	0.00273
2.312	0.00272
2.313	0.00271
2.314	0.0027
2.315	0.0027
2.316	0.00269
2.317	0.00268
2.318	0.00267
2.319	0.00266
2.32	0.00265
2.321	0.00264
2.322	0.00263
2.323	0.00262
2.324	0.00261
2.325	0.0026
2.326	0.00259
2.327	0.00257
2.328	0.00256
2.329	0.00255
2.33	0.00254
2.331	0.00253
2.332	0.00251
2.333	0.0025
2.334	0.00249
2.335	0.00247
2.336	0.00246
2.337	0.00245
2.338	0.00243
2.339	0.00242
2.34	0.0024
2.341	0.00239
2.342	0.00237
2.343	0.00236
2.344	0.00234
2.345	0.00232
2.346	0.00231
2.347	0.00229
2.348	0.00227
2.349	0.00226
2.35	0.00224
2.351	0.00222
2.352	0.0022
2.353	0.00219
2.354	0.00217
2.355	0.00215
2.356	0.00213
2.357	0.00211
2.358	0.00209
2.359	0.00207
2.36	0.00205
2.361	0.00203
2.362	0.00201
2.363	0.00199
2.364	0.00197
2.365	0.00195
2.366	0.00193
2.367	0.0019
2.368	0.00188
2.369	0.00186
2.37	0.00184
2.371	0.00181
2.372	0.00179
2.373	0.00177
2.374	0.00174
2.375	0.00172
2.376	0.0017
2.377	0.00167
2.378	0.00165
2.379	0.00162
2.38	0.0016
2.381	0.00157
2.382	0.00154
2.383	0.00152
2.384	0.00149
2.385	0.00147
2.386	0.00144
2.387	0.00141
2.388	0.00138
2.389	0.00136
2.39	0.00133
2.391	0.0013
2.392	0.00127
2.393	0.00124
2.394	0.00121
2.395	0.00118
2.396	0.00115
2.397	0.00112
2.398	0.00109
2.399	0.00106
2.4	0.00103
2.401	9.99E-4
2.402	9.68E-4
2.403	9.36E-4
2.404	9.04E-4
2.405	8.71E-4
2.406	8.39E-4
2.407	8.06E-4
2.408	7.73E-4
2.409	7.39E-4
2.41	7.06E-4
2.411	6.73E-4
2.412	6.4E-4
2.413	6.08E-4
2.414	5.78E-4
2.415	5.49E-4
2.416	5.22E-4
2.417	4.98E-4
2.418	4.77E-4
2.419	4.59E-4
2.42	4.45E-4
2.421	4.34E-4
2.422	4.25E-4
2.423	4.19E-4
2.424	4.16E-4
2.425	4.14E-4
2.426	4.12E-4
2.427	4.11E-4
2.428	4.1E-4
2.429	4.09E-4
2.43	4.07E-4
2.431	4.04E-4
2.432	4E-4
2.433	3.95E-4
2.434	3.89E-4
2.435	3.83E-4
2.436	3.77E-4
2.437	3.7E-4
2.438	3.63E-4
2.439	3.56E-4
2.44	3.49E-4
2.441	3.43E-4
2.442	3.36E-4
2.443	3.3E-4
2.444	3.24E-4
2.445	3.19E-4
2.446	3.14E-4
2.447	3.1E-4
2.448	3.06E-4
2.449	3.03E-4
2.45	3E-4
2.451	2.98E-4
2.452	2.96E-4
2.453	2.94E-4
2.454	2.93E-4
2.455	2.91E-4
2.456	2.89E-4
2.457	2.87E-4
2.458	2.84E-4
2.459	2.82E-4
2.46	2.78E-4
2.461	2.74E-4
2.462	2.7E-4
2.463	2.65E-4
2.464	2.6E-4
2.465	2.55E-4
2.466	2.5E-4
2.467	2.45E-4
2.468	2.4E-4
2.469	2.35E-4
2.47	2.3E-4
2.471	2.26E-4
2.472	2.22E-4
2.473	2.18E-4
2.474	2.14E-4
2.475	2.11E-4
2.476	2.08E-4
2.477	2.04E-4
2.478	2.01E-4
2.479	1.98E-4
2.48	1.95E-4
2.481	1.91E-4
2.482	1.88E-4
2.483	1.85E-4
2.484	1.82E-4
2.485	1.8E-4
2.486	1.77E-4
2.487	1.75E-4
2.488	1.72E-4
2.489	1.7E-4
2.49	1.68E-4
2.491	1.67E-4
2.492	1.65E-4
2.493	1.64E-4
2.494	1.63E-4
2.495	1.63E-4
2.496	1.62E-4
2.497	1.62E-4
2.498	1.62E-4
2.499	1.62E-4
2.5	1.62E-4