# Wavelength(μm) Transmission
0.29	0.0005040819614561226
0.291	0.000509932437380559
0.292	0.000515879042008749
0.293	0.0005219331973713718
0.294	0.0005280766189187107
0.295	0.0005343409141131814
0.296	0.000540707779626616
0.297	0.0005471788182731394
0.298	0.000553766030060962
0.299	0.0005604713472406864
0.3	0.0005672967413040181
0.301	0.0005742442236710179
0.302	0.0005813158463933001
0.303	0.0005885137028734359
0.304	0.000595839928600808
0.305	0.0006032967019041751
0.306	0.0006108862447212269
0.307	0.0006186220662225265
0.308	0.0006264954471465999
0.309	0.0006345087505642593
0.31	0.0006426759534724022
0.311	0.0006509998495252464
0.312	0.0006594714998639851
0.313	0.000668105381769841
0.314	0.000676892440690388
0.315	0.0006858475010142902
0.316	0.0006949736592960151
0.317	0.0007042740789368577
0.318	0.000713739468496113
0.319	0.0007233853929994976
0.32	0.0007332152173347544
0.321	0.0007432323786234166
0.322	0.0007534403876833943
0.323	0.0007638296360978136
0.324	0.0007744300336360939
0.325	0.0007852187856949511
0.326	0.0007962265269791214
0.327	0.0008074300468753151
0.328	0.0008188468032994599
0.329	0.0008304808584891216
0.33	0.0008423363611900854
0.331	0.000854417548448889
0.332	0.0008667287474464394
0.333	0.0008792743773735216
0.334	0.0008920440496326947
0.335	0.0009050569301988045
0.336	0.0009183329660052238
0.337	0.0009318312064962542
0.338	0.0009456022987969835
0.339	0.0009596202026340735
0.34	0.0009739054452892983
0.341	0.0009884632344331666
0.342	0.0010032825202802237
0.343	0.0010183681399342746
0.344	0.001033741791859675
0.345	0.0010494091182222352
0.346	0.0010653415216549035
0.347	0.0010815783978926847
0.348	0.0010981257330725921
0.349	0.0011149539900898104
0.35	0.0011321041706964235
0.351	0.0011495460793995
0.352	0.0011673218283150893
0.353	0.0011854005432291484
0.354	0.0012038065114007325
0.355	0.0012225458650694477
0.356	0.0012416053976319753
0.357	0.0012610104464469277
0.358	0.0012807475396914344
0.359	0.0013008427409428546
0.36	0.0013212823062023322
0.361	0.0013420723073177356
0.362	0.0013632399373967616
0.363	0.001384749740296328
0.364	0.0014066288665318739
0.365	0.0014288838400440813
0.366	0.001451499175536255
0.367	0.0014745256007649863
0.368	0.0014979027369145495
0.369	0.0015216818224498413
0.37	0.001545869967145066
0.371	0.0015704271736796868
0.372	0.0015954068019192972
0.373	0.0016207678381430983
0.374	0.001646540536278691
0.375	0.0016727316418813283
0.376	0.0016993480117769573
0.377	0.0017263710660265082
0.378	0.0017538327635371921
0.379	0.0017817140619833167
0.38	0.0018100212263936978
0.381	0.0018387606140181764
0.382	0.0018679386756719411
0.383	0.0018975619570992643
0.384	0.0019276371003570636
0.385	0.0019581424673652138
0.386	0.0019891125261860426
0.387	0.0020205250711188543
0.388	0.002052415491988386
0.389	0.002084761001624421
0.39	0.002117567640223307
0.391	0.002150841524702447
0.392	0.0021845888496479448
0.393	0.0022188158882737448
0.394	0.0022535289933923574
0.395	0.002288702269707385
0.396	0.0023243409693074124
0.397	0.002360516747257965
0.398	0.0023971367305265535
0.399	0.002434273137950175
0.4	0.0024718982945779663
0.401	0.002510017756749326
0.402	0.002548637137998966
0.403	0.0025877621096181283
0.404	0.0026273984012211613
0.405	0.0026675518013173577
0.406	0.002708190940228127
0.407	0.0027493579973154425
0.408	0.0027910589262952917
0.409	0.00283326109108513
0.41	0.002875969105740222
0.411	0.002919227246788402
0.412	0.0029630015583662576
0.413	0.003007296768720297
0.414	0.0030521587737062385
0.415	0.0030975522580127084
0.416	0.003143482066804664
0.417	0.003189910398726313
0.418	0.0032369270060718523
0.419	0.0032844946784996746
0.42	0.003332618401887855
0.421	0.003381303197897289
0.422	0.003430508767478256
0.423	0.0034802844620539695
0.424	0.003530681857513283
0.425	0.0035815667248773357
0.426	0.0036330836342920417
0.427	0.0036851431986638706
0.428	0.003737846412714338
0.429	0.003791052381860783
0.43	0.003844912609934715
0.431	0.0038993332529004905
0.432	0.003954369000704302
0.433	0.004009973604580129
0.434	0.004066255263761298
0.435	0.004123115521292362
0.436	0.004180558072935397
0.437	0.0042386948587717806
0.438	0.0042974238534447375
0.439	0.0043567488088122885
0.44	0.004416785499807791
0.441	0.004477428241579068
0.442	0.004538738136223285
0.443	0.004600720954038339
0.444	0.004663382506228462
0.445	0.004726669381205861
0.446	0.004790645401108
0.447	0.004855377089028447
0.448	0.004920749875028013
0.449	0.004986829693114152
0.45	0.005053685247635816
0.451	0.005121198003932811
0.452	0.005189500120256356
0.453	0.005258470361630994
0.454	0.0053282437836593205
0.455	0.005398762607324902
0.456	0.005470100086485006
0.457	0.00554219712640505
0.458	0.005615060158905491
0.459	0.005688764811724209
0.46	0.005763249962634418
0.461	0.005838592863180924
0.462	0.005914731015851244
0.463	0.005991743324794751
0.464	0.006069638877754583
0.465	0.006148426851393296
0.466	0.00622811651213297
0.467	0.006308641844242641
0.468	0.006390162230901786
0.469	0.0064726126433952615
0.47	0.006556002715673148
0.471	0.006640342175761928
0.472	0.006725640846651913
0.473	0.006811989000373043
0.474	0.006899318015254111
0.475	0.006987720107659494
0.476	0.007077125184865704
0.477	0.007167627446655427
0.478	0.007259240033479359
0.479	0.0073518906043120455
0.48	0.007445762971685455
0.481	0.007540698542719781
0.482	0.007636796696451398
0.483	0.007734160679550543
0.484	0.007832626826622432
0.485	0.007932389027575513
0.486	0.00803337237232052
0.487	0.008135591463010615
0.488	0.008239155274380969
0.489	0.008343986560115292
0.49	0.008450196695209583
0.491	0.008557804091368927
0.492	0.008666729124247633
0.493	0.008777086890251213
0.494	0.008888896520399404
0.495	0.009002075935088212
0.496	0.009116846636536075
0.497	0.009233024492830231
0.498	0.009350835883690706
0.499	0.009470198712386486
0.5	0.009591133712628453
0.501	0.009713661898146306
0.502	0.00983791390917815
0.503	0.009963804345133699
0.504	0.01009135512392804
0.505	0.010220701382007763
0.506	0.010351755154003418
0.507	0.010484654682888159
0.508	0.010619310259909727
0.509	0.010755863313807831
0.51	0.010894341537974082
0.511	0.011034652557202781
0.512	0.011176942757164389
0.513	0.011321241049477671
0.514	0.011467576780679284
0.515	0.011615979738878467
0.516	0.011766480160515382
0.517	0.011918980106792139
0.518	0.012073766573453965
0.519	0.01223061246900234
0.52	0.012389811407236703
0.521	0.012551131510222847
0.522	0.012714873184539224
0.523	0.012880799647954189
0.524	0.013049218279356609
0.525	0.013220027767219904
0.526	0.013393263225917645
0.527	0.013568960299794337
0.528	0.013747155171299843
0.529	0.01392788456925024
0.53	0.014111334330673643
0.531	0.014297246869207055
0.532	0.014485959428795336
0.533	0.014677362520826335
0.534	0.014871495800953535
0.535	0.015068399524724595
0.536	0.015268114556807827
0.537	0.015470843122698238
0.538	0.015676307680927818
0.539	0.015884709914246783
0.54	0.016096259530615258
0.541	0.016310669865354788
0.542	0.016528320217537234
0.543	0.016748917649744528
0.544	0.016972850546463396
0.545	0.017199819541270873
0.546	0.01743022234730059
0.547	0.01766375300880548
0.548	0.01790063656110915
0.549	0.018140738332901012
0.55	0.0183844753639464
0.551	0.018631527948019484
0.552	0.018882132357509778
0.553	0.01913634128862242
0.554	0.019394012915400435
0.555	0.019655392316990327
0.556	0.019920334638129245
0.557	0.020189090995450958
0.558	0.02046151343411979
0.559	0.02073785926714697
0.56	0.021017977368178956
0.561	0.02130191954887711
0.562	0.021589738335575044
0.563	0.02188148697916699
0.564	0.02217743885823692
0.565	0.022477212488802155
0.566	0.022781304779104998
0.567	0.02308932547411198
0.568	0.02340155356878628
0.569	0.02371804687764683
0.57	0.024038864012948448
0.571	0.02436382632590272
0.572	0.02469322653121778
0.573	0.02502712559900793
0.574	0.025365092221668252
0.575	0.02570767059073369
0.576	0.02605492402310648
0.577	0.026406661360624972
0.578	0.02676268033563442
0.579	0.02712355136399536
0.58	0.027489076554977676
0.581	0.027859314065912785
0.582	0.028234322765023554
0.583	0.02861388839597311
0.584	0.02899833870768878
0.585	0.029387734644069373
0.586	0.029781854330476736
0.587	0.030181037145492324
0.588	0.030585055960390874
0.589	0.03099425808548461
0.59	0.03140811400412177
0.591	0.03182726923945323
0.592	0.03225148570055548
0.593	0.032680819473463796
0.594	0.03311532722643639
0.595	0.03355475156269014
0.596	0.033999776000210244
0.597	0.0344498259719702
0.598	0.03490494939991525
0.599	0.03536585343027972
0.6	0.03583160985841454
0.601	0.03630293058724707
0.602	0.03677987679778989
0.603	0.037261820740308094
0.604	0.03774949867846198
0.605	0.038242620778978026
0.606	0.03874088181425131
0.607	0.03924504299891134
0.608	0.039754439132151265
0.609	0.040269479512412214
0.61	0.040790217172347445
0.611	0.04131670557254051
0.612	0.04184823555544592
0.613	0.042385993198496064
0.614	0.04292926575154769
0.615	0.043478095251965526
0.616	0.044032523948629596
0.617	0.0445925943025547
0.618	0.04515875669095154
0.619	0.04573024308662159
0.62	0.0463079165687537
0.621	0.04689099156163691
0.622	0.04747992379643861
0.623	0.048074757020549
0.624	0.048675099969689044
0.625	0.04928186256107789
0.626	0.049893769243874855
0.627	0.05051173486300332
0.628	0.05113580402049403
0.629	0.051765562354235656
0.63	0.05240104019327616
0.631	0.05304226786125562
0.632	0.05368927567549071
0.633	0.05434257293712256
0.634	0.055001237006966006
0.635	0.0556662612767425
0.636	0.05633670291593319
0.637	0.05701307623314612
0.638	0.057695411488938406
0.639	0.05838373893124129
0.64	0.05907757375869126
0.641	0.05977745064559897
0.642	0.060483399687717924
0.643	0.061194919958674786
0.644	0.06191202534144864
0.645	0.06263527130988393
0.646	0.06336414039380554
0.647	0.06409919866194022
0.648	0.06483991747428433
0.649	0.0655863097769626
0.65	0.0663383882871797
0.651	0.06709616549217198
0.652	0.06785965364818243
0.653	0.06862945117184578
0.654	0.06940440278435603
0.655	0.07018510075225087
0.656	0.07097155639796694
0.657	0.07176378080816956
0.658	0.07256178483286733
0.659	0.07336557908455002
0.66	0.07417454688234813
0.661	0.07498931355330955
0.662	0.07580924996093422
0.663	0.07663499262856965
0.664	0.0774665507835733
0.665	0.07830327643040266
0.666	0.0791458231438517
0.667	0.07999353018206246
0.668	0.08084706259988052
0.669	0.08170574679740558
0.67	0.08256957181349478
0.671	0.08343922008597757
0.672	0.08431399848663362
0.673	0.08519389490421836
0.674	0.0860796093976903
0.675	0.08697042907755027
0.676	0.08786634068707326
0.677	0.08876733056569437
0.678	0.08967338465016755
0.679	0.09058448847577305
0.68	0.0915013779525238
0.681	0.09242254271133252
0.682	0.09334947513567605
0.683	0.0942806382711734
0.684	0.09521754958848672
0.685	0.09615864537796544
0.686	0.09710546837731117
0.687	0.09805642795567344
0.688	0.09901309229430652
0.689	0.0999738436793262
0.69	0.10093945969006902
0.691	0.10190992115429537
0.692	0.10288520851822763
0.693	0.10386446561339846
0.694	0.10484933788548673
0.695	0.10583812543325864
0.696	0.10683164337472607
0.697	0.10782900704990205
0.698	0.1088319141661648
0.699	0.10983860934703632
0.7	0.11084993312397841
0.701	0.11186586249494539
0.702	0.1128854768857922
0.703	0.11390963607979604
0.704	0.11493831595496432
0.705	0.11597057422708797
0.706	0.11700729009149838
0.707	0.11804843833303033
0.708	0.11909305486449448
0.709	0.12014203844637365
0.71	0.12119441039950359
0.711	0.1222510825950125
0.712	0.123312028044286
0.713	0.12437624614022261
0.714	0.1254446685516091
0.715	0.12651726727432608
0.716	0.1275930197059726
0.717	0.12867187615804979
0.718	0.12975580318881513
0.719	0.13084174653818503
0.72	0.13193270149240532
0.721	0.13302557094400838
0.722	0.134123391749377
0.723	0.13522406741806872
0.724	0.13632754587453783
0.725	0.13743483238778545
0.726	0.13854589545997611
0.727	0.13965963146911675
0.728	0.14077706600767845
0.729	0.14189708068958493
0.73	0.14302071470135266
0.731	0.14414683489307162
0.732	0.14527649408104767
0.733	0.1464085443547594
0.734	0.14754405219342515
0.735	0.14868185493209762
0.736	0.1498230327433933
0.737	0.15096755111465499
0.738	0.15211422526505192
0.739	0.1532629988248144
0.74	0.15441497944254493
0.741	0.15557013163127215
0.742	0.1567272411631439
0.743	0.1578874363558744
0.744	0.15904948828095838
0.745	0.1602145390613369
0.746	0.16138134508994323
0.747	0.16255106231083466
0.748	0.16372243246334864
0.749	0.16489662532582788
0.75	0.16607360347717087
0.751	0.16725208672006198
0.752	0.16843326560681413
0.753	0.1696158453507052
0.754	0.17080103036729435
0.755	0.17198751131517506
0.756	0.17317650647691246
0.757	0.1743679771683784
0.758	0.17556059227431964
0.759	0.17675559087939363
0.76	0.17795293382161886
0.761	0.17915126828760125
0.762	0.18035053361203163
0.763	0.18155332423973355
0.764	0.18275695226452343
0.765	0.18396135665665247
0.766	0.18516917378945263
0.767	0.18637767307186806
0.768	0.18758679315529317
0.769	0.18879784243811049
0.77	0.19001078044240527
0.771	0.1912255665763175
0.772	0.1924407693070152
0.773	0.19365772467599046
0.774	0.1948763917870348
0.775	0.19609531788782233
0.776	0.19731585972082402
0.777	0.19853797612205135
0.778	0.19976162583955281
0.779	0.20098532800491237
0.78	0.2022104668857232
0.781	0.20343700100951315
0.782	0.2046634285781586
0.783	0.20589115445032596
0.784	0.20712013696902454
0.785	0.20835033441489947
0.786	0.20958170500954867
0.787	0.2108127123482214
0.788	0.21204479544995064
0.789	0.21327791240887733
0.79	0.21451202127430086
0.791	0.21574708005394208
0.792	0.21698151812398747
0.793	0.21821834383056754
0.794	0.21945445114851317
0.795	0.22069132657954307
0.796	0.22192892800774602
0.797	0.22316721329597805
0.798	0.22440457128825514
0.799	0.2256440911240882
0.8	0.226882585964831
0.801	0.22812317167595814
0.802	0.22936263471188842
0.803	0.230602515276231
0.804	0.23184277121344848
0.805	0.2330833603727664
0.806	0.23432424061123203
0.807	0.2355653697967589
0.808	0.23680670581115562
0.809	0.2380482065531387
0.81	0.23928982994133036
0.811	0.24053153391723886
0.812	0.24177161516527082
0.813	0.24301334776908795
0.814	0.2442550349682611
0.815	0.2454966348255535
0.816	0.24673810544127
0.817	0.2479794049561363
0.818	0.24922049155416123
0.819	0.2504613234654808
0.82	0.25170185896918473
0.821	0.2529437753815621
0.822	0.2541835994414157
0.823	0.2554230022344048
0.824	0.2566636801782619
0.825	0.2579021222770662
0.826	0.2591417692351154
0.827	0.2603808417792475
0.828	0.2616192986215068
0.829	0.2628570985466561
0.83	0.2640942004148201
0.831	0.2653323446424511
0.832	0.2665679334363122
0.833	0.2678044949712195
0.834	0.26904020689515395
0.835	0.2702750284219192
0.836	0.27151073091337824
0.837	0.27274365570351444
0.838	0.2739773924232863
0.839	0.2752100885393879
0.84	0.2764417036757152
0.841	0.27767403973186533
0.842	0.2789052262919831
0.843	0.2801352232257372
0.844	0.2813639905108055
0.845	0.28259148823523006
0.846	0.2838195484165617
0.847	0.28504627128311033
0.848	0.28627350074717406
0.849	0.2874974360206791
0.85	0.2887218105947441
0.851	0.2899466025688182
0.852	0.2911698832816583
0.853	0.2923916135713201
0.854	0.2936117544043925
0.855	0.29483219085660106
0.856	0.2960509715599178
0.857	0.29726805780635335
0.858	0.2984853520315421
0.859	0.29970088605369694
0.86	0.3009165737721831
0.861	0.3021304358800167
0.862	0.3033424342207346
0.863	0.30455449978287247
0.864	0.3057666113098115
0.865	0.30697478742414225
0.866	0.3081829450534879
0.867	0.3093910631246024
0.868	0.3105971240896452
0.869	0.3118030925590846
0.87	0.31300694023675146
0.871	0.31420863002517785
0.872	0.3154101431237471
0.873	0.3166114588160937
0.874	0.3178105275730525
0.875	0.31900731278690964
0.876	0.3202038174696207
0.877	0.32140002116232474
0.878	0.32259385344270053
0.879	0.3237852782134063
0.88	0.3249763199913076
0.881	0.32616695858988703
0.882	0.3273551030398836
0.883	0.3285427937518369
0.884	0.32972792960815545
0.885	0.3309125615401224
0.886	0.33209666969914364
0.887	0.33327813787296084
0.888	0.33445903260219273
0.889	0.3356372277359416
0.89	0.3368148001437904
0.891	0.3379917303343502
0.892	0.3391658773790325
0.893	0.3403393334644502
0.894	0.3415099479371887
0.895	0.3426819594032763
0.896	0.34384893988431103
0.897	0.345017279184758
0.898	0.34618267110342704
0.899	0.3473472379313808
0.9	0.34850880028071335
0.901	0.34966949034204153
0.902	0.35082928945239533
0.903	0.3519881790102712
0.904	0.35314396087240485
0.905	0.35429878672910164
0.906	0.3554526382149694
0.907	0.3566033033532081
0.908	0.357755146593276
0.909	0.358903757796318
0.91	0.36004910500747556
0.911	0.36119558077424685
0.912	0.36233874747627914
0.913	0.36348079487138507
0.914	0.364621705213774
0.915	0.36575923049847836
0.916	0.3668978092655737
0.917	0.368032958866214
0.918	0.3691668922016747
0.919	0.37029734374517836
0.92	0.37142878813199043
0.921	0.3725567074328761
0.922	0.37368333272137644
0.923	0.3748086469705214
0.924	0.3759326332236008
0.925	0.37705527459446714
0.926	0.3781742756308616
0.927	0.379294172580169
0.928	0.3804103872623153
0.929	0.38152518176630934
0.93	0.3826385396163558
0.931	0.38374814460552953
0.932	0.38485857583023825
0.933	0.3859675214271326
0.934	0.38707265293538423
0.935	0.38817625828141233
0.936	0.3892806419654387
0.937	0.3903811511876457
0.938	0.39148008650204746
0.939	0.39257743214824875
0.94	0.3936731724406389
0.941	0.3947672917686111
0.942	0.3958574299252019
0.943	0.3969482568258623
0.944	0.39803741640068346
0.945	0.39912253683514953
0.946	0.4002083119960742
0.947	0.40129000985293295
0.948	0.4023723400487602
0.949	0.4034505551561272
0.95	0.4045293804479772
0.951	0.40560405324795856
0.952	0.4066769308585306
0.953	0.4077503858635374
0.954	0.40881963300564134
0.955	0.4098870412541681
0.956	0.4109549946376315
0.957	0.4120186856530706
0.958	0.41308290059197006
0.959	0.41414281729856234
0.96	0.41520082382337037
0.961	0.4162593229036413
0.962	0.4173134706997451
0.963	0.4183680904368966
0.964	0.4194183239982448
0.965	0.42046900912644514
0.966	0.42151770819314166
0.967	0.42256196946360663
0.968	0.4236066521891864
0.969	0.4246493083153402
0.97	0.42568992448185894
0.971	0.4267284874080428
0.972	0.42776498389278866
0.973	0.4287994008146715
0.974	0.42983418739019874
0.975	0.4308644095112616
0.976	0.43189251316501065
0.977	0.4329209578749289
0.978	0.43394478958114613
0.979	0.4349689435817315
0.98	0.4359909349323275
0.981	0.43701075109418797
0.982	0.43802837960877056
0.983	0.4390438080977847
0.984	0.44005951947796107
0.985	0.4410705142956851
0.986	0.4420817740125027
0.987	0.4430907912993908
0.988	0.4440975541224506
0.989	0.4451020505282116
0.99	0.44610426864365776
0.991	0.4471041966762492
0.992	0.44810434325372045
0.993	0.44910218252766965
0.994	0.4500977028895067
0.995	0.4510908928111469
0.996	0.45208174084501945
0.997	0.4530702356240711
0.998	0.45405890433901924
0.999	0.45504520322741454
1	0.4560291211060879
1.005	0.4609202861996229
1.01	0.4657658165185099
1.015	0.47056464544286797
1.02	0.47531574071082916
1.025	0.48001810429606206
1.03	0.4846760231738751
1.035	0.4892886402493634
1.04	0.4938551276103071
1.045	0.49837468633509957
1.05	0.5028465462852436
1.055	0.5072753314031923
1.06	0.5116603908272698
1.065	0.5159983943487442
1.07	0.5202941355752853
1.075	0.5245443415794614
1.08	0.5287511874679034
1.085	0.5329114256876745
1.09	0.5370327912395036
1.095	0.5411093542592715
1.405	0.7259966561997768
1.41	0.7281197624630567
1.415	0.7302224901384771
1.42	0.73230490868742
1.425	0.7343670884224048
1.43	0.736409100477697
1.435	0.7384310167805527
1.44	0.7404329100230829
1.445	0.7424148536347299
1.45	0.7443797860557659
1.455	0.7463249130307026
1.46	0.7482503098646824
1.465	0.7501589094825134
1.47	0.7520479263486748
1.475	0.7539202892771689
1.48	0.7557732186569899
1.485	0.757609638907218
1.49	0.7594296202304849
1.495	0.7612303920620094
1.5	0.7630148716573246
1.505	0.7647831299467365
1.51	0.7665352380317974
1.515	0.7682712671722848
1.52	0.7699884623693671
1.525	0.7716925510020101
1.53	0.7733807753314661
1.535	0.7750503899422189
1.54	0.7767071042124386
1.545	0.778348169803033
1.55	0.7799736587421879
1.555	0.7815836431233691
1.56	0.7831809962013652
1.565	0.7847629824347966
1.57	0.7863296739524164
1.575	0.7878811429108505
1.58	0.789420249167354
1.585	0.7909470546191926
1.59	0.7924560593726757
1.595	0.7939556778589184
1.6	0.7954376396237232
1.605	0.7969103380280663
1.61	0.7983682901776541
1.615	0.7998115677986826
1.62	0.8012430021472687
1.625	0.8026626539851032
1.63	0.8040705838843576
1.635	0.8054641035587374
1.64	0.8068460292074988
1.645	0.8082164208688404
1.65	0.8095726008086119
1.655	0.8109201075306953
1.66	0.8122535290891302
1.665	0.8135756623215437
1.67	0.81488656628336
1.675	0.816186299817139
1.68	0.8174749215507833
1.685	0.8187524898958307
1.69	0.820019063045827
1.695	0.8212746989747778
1.7	0.8225194554356781
1.705	0.8237533899591158
1.71	0.824976559851949
1.715	0.8261917100696192
1.72	0.8273935178056402
1.725	0.8285874115060377
1.73	0.8297707596633621
1.735	0.830943618415525
1.74	0.8321060436712854
1.745	0.8332580911093656
1.75	0.8344024764718857
1.755	0.8355365867250988
1.76	0.8366604768235297
1.765	0.8377768498422438
1.77	0.8388831039222522
1.775	0.8399792932930144
1.78	0.8410681083027892
1.785	0.8421469583303268
1.79	0.8432158968801653
1.795	0.8442776015206683
1.8	0.8453294929264032
1.805	0.8463742401169226
1.81	0.8474092713195833
1.815	0.8484372469923342
1.82	0.8494556029332013
1.825	0.8504669910272882
1.83	0.8514688546599356
1.835	0.8524638371336559
1.84	0.8534493894365488
1.845	0.854428146280233
1.85	0.8554001460920098
1.855	0.8563628512832838
1.86	0.8573188836715063
1.865	0.8582657132972817
1.87	0.8592059533806158
1.875	0.8601396411308572
1.88	0.861064258047674
1.885	0.861982404453749
1.89	0.8628941168436646
1.895	0.8637968881887917
1.9	0.8646958451520712
1.905	0.8655834058360681
1.91	0.8664672234917992
1.915	0.8673447942244772
1.92	0.868213630133658
1.925	0.8690762972112787
1.93	0.8699328301087907
1.935	0.870780752402608
1.94	0.8716251240509926
1.945	0.8724609613808861
1.95	0.873290809007331
1.955	0.8741147004758943
1.96	0.8749326691172582
1.965	0.8757447480486626
1.97	0.8765484875958243
1.975	0.8773488896362739
1.98	0.8781410255192887
1.985	0.8789274100898657
1.99	0.8797105418945634
1.995	0.8804855157975472
2	0.881254833955013
2.01	0.8827766286230101
2.02	0.884276175076093
2.03	0.8857537193197285
2.04	0.8872095042307275
2.05	0.8886437696001697
2.06	0.8900567521758327
2.07	0.8914510885140814
2.08	0.892822195907419
2.09	0.8941774871112875
2.1	0.8955100023498015
2.11	0.8968247302475164
2.12	0.8981218668842832
2.13	0.8993992497758466
2.14	0.9006594412090744
2.15	0.9019002889366075
2.16	0.9031266674625144
2.17	0.9043340866810947
2.18	0.9055250679439933
2.19	0.9066997896953385
2.2	0.907858428034234
2.21	0.9090011567506837
2.22	0.9101281473609248
2.23	0.9112395691421807
2.24	0.9123355891668383
2.25	0.9134163723360631
2.26	0.9144843390811381
2.27	0.9155373776708308
2.28	0.9165756467741277
2.29	0.917601538704582
2.3	0.9186129578518869
2.31	0.9196100569357193
2.32	0.920595200701341
2.33	0.9215685164658934
2.34	0.922527930171391
2.35	0.9234735870767857
2.36	0.924407816069741
2.37	0.9253307376021083
2.38	0.9262402991255668
2.39	0.9271409677045548
2.4	0.9280263657321036
2.41	0.9289031005583066
2.42	0.9297691203814035
2.43	0.9306223995545286
2.44	0.9314651982022375
2.45	0.9322976244853736
2.46	0.9331197851595749
2.47	0.9339317855974212
2.48	0.9347337298101759
2.49	0.935525720469133
2.5	0.9363078589265774
2.51	0.9370802452363647
2.52	0.9378429781741288
2.53	0.9385961552571258
2.54	0.9393398727637203
2.55	0.9400762826624494
2.56	0.9408013585365927
2.57	0.9415193004916849
2.58	0.9422281432189148
2.59	0.9429279771722097
2.6	0.9436209166364011
2.61	0.9443050122661574
2.62	0.9449803512658543
2.63	0.9456470197601782
2.64	0.946307102766903
2.65	0.9469586719889187
2.66	0.9476037981338487
2.67	0.9482405633827018
2.68	0.9488690488706966
2.69	0.9494913041328075
2.7	0.9501054269030644
2.71	0.9507134528511325
2.72	0.9513134900289126
2.73	0.9519056149439812
2.74	0.9524937823089646
2.75	0.9530722304811898
2.76	0.9536468344811129
2.77	0.9542137883438352
2.78	0.954773164360149
2.79	0.9553269444362561
2.8	0.9558751819627679
2.81	0.9564160306298728
2.82	0.9569514528991915
2.83	0.9574815001176402
2.84	0.9580043409023069
2.85	0.9585219186236917
2.86	0.9590342826772527
2.87	0.9595396164465408
2.88	0.9600417044561604
2.89	0.9605350145319819
2.9	0.9610251733364406
2.91	0.9615103673586844
2.92	0.9619888042844846
2.93	0.9624623782858973
2.94	0.9629311340240606
2.95	0.9633932935167602
2.96	0.96385254988068
2.97	0.9643053072212551
2.98	0.9647534301481749
2.99	0.9651969606591091
3	0.965635940258087
3.01	0.9660704099626785
3.02	0.9665004103110496
3.03	0.9669259813688967
3.04	0.9673453873158275
3.05	0.9677622231923209
3.06	0.9681729818575642
3.07	0.968579476899678
3.08	0.9689835013748105
3.09	0.9693815769627467
3.1	0.9697755008470167
3.11	0.970167049995079
3.12	0.9705527745164407
3.13	0.9709344554682711
3.14	0.9713121280736223
3.15	0.971687548267916
3.16	0.9720573034723088
3.17	0.9724248652099594
3.18	0.9727868393032665
3.19	0.9731466774426497
3.2	0.973501003686691
3.21	0.9738532500987491
3.22	0.9742017468611129
3.23	0.9745448424604026
3.24	0.9748859399008653
3.25	0.975223382341271
3.26	0.9755572006495005
3.27	0.9758890904750697
3.28	0.9762157472583438
3.29	0.9765405266319773
3.3	0.9768601414626272