# Wavelength(μm) Extinction_cofficient
0.3	2.74424
0.301	2.7528
0.302	2.76134
0.303	2.76978
0.304	2.77803
0.305	2.78602
0.306	2.79367
0.307	2.80088
0.308	2.80755
0.309	2.8136
0.31	2.81892
0.311	2.82341
0.312	2.82699
0.313	2.82957
0.314	2.83107
0.315	2.83144
0.316	2.83067
0.317	2.82878
0.318	2.82586
0.319	2.82205
0.32	2.81758
0.321	2.81276
0.322	2.80799
0.323	2.80372
0.324	2.80044
0.325	2.79861
0.326	2.79861
0.327	2.80071
0.328	2.80499
0.329	2.81134
0.33	2.81949
0.331	2.82898
0.332	2.83928
0.333	2.84973
0.334	2.85936
0.335	2.86675
0.336	2.87227
0.337	2.8762
0.338	2.8787
0.339	2.87987
0.34	2.87981
0.341	2.87861
0.342	2.87633
0.343	2.87305
0.344	2.86884
0.345	2.86377
0.346	2.8579
0.347	2.85131
0.348	2.84407
0.349	2.83625
0.35	2.82792
0.351	2.81914
0.352	2.81
0.353	2.80056
0.354	2.79088
0.355	2.78104
0.356	2.7711
0.357	2.76112
0.358	2.75116
0.359	2.74128
0.36	2.73154
0.361	2.72198
0.362	2.71265
0.363	2.7036
0.364	2.69487
0.365	2.68649
0.366	2.6785
0.367	2.67093
0.368	2.6638
0.369	2.65714
0.37	2.65097
0.371	2.6453
0.372	2.64014
0.373	2.63551
0.374	2.63141
0.375	2.62784
0.376	2.62481
0.377	2.62232
0.378	2.62035
0.379	2.6189
0.38	2.61797
0.381	2.61754
0.382	2.61761
0.383	2.61814
0.384	2.61913
0.385	2.62056
0.386	2.6224
0.387	2.62464
0.388	2.62726
0.389	2.63022
0.39	2.63351
0.391	2.6371
0.392	2.64095
0.393	2.64505
0.394	2.64937
0.395	2.65388
0.396	2.65854
0.397	2.66333
0.398	2.66822
0.399	2.67317
0.4	2.67817
0.401	2.68318
0.402	2.68817
0.403	2.69312
0.404	2.69799
0.405	2.70276
0.406	2.7074
0.407	2.71189
0.408	2.7162
0.409	2.72032
0.41	2.72421
0.411	2.72786
0.412	2.73125
0.413	2.73436
0.414	2.73718
0.415	2.7397
0.416	2.7419
0.417	2.74376
0.418	2.7453
0.419	2.74649
0.42	2.74735
0.421	2.74785
0.422	2.74801
0.423	2.74783
0.424	2.74732
0.425	2.74647
0.426	2.74531
0.427	2.74384
0.428	2.74207
0.429	2.74002
0.43	2.73771
0.431	2.73516
0.432	2.73237
0.433	2.72938
0.434	2.72621
0.435	2.72288
0.436	2.71942
0.437	2.71584
0.438	2.71218
0.439	2.70845
0.44	2.70469
0.441	2.70093
0.442	2.69718
0.443	2.69347
0.444	2.68983
0.445	2.68629
0.446	2.68286
0.447	2.67957
0.448	2.67644
0.449	2.67349
0.45	2.67075
0.451	2.66822
0.452	2.66593
0.453	2.66389
0.454	2.66212
0.455	2.66062
0.456	2.65941
0.457	2.65848
0.458	2.65786
0.459	2.65753
0.46	2.6575
0.461	2.65776
0.462	2.65832
0.463	2.65916
0.464	2.66027
0.465	2.66164
0.466	2.66325
0.467	2.66507
0.468	2.6671
0.469	2.66929
0.47	2.67162
0.471	2.67405
0.472	2.67655
0.473	2.67907
0.474	2.68157
0.475	2.68401
0.476	2.68633
0.477	2.68848
0.478	2.69041
0.479	2.69205
0.48	2.69334
0.481	2.69423
0.482	2.69465
0.483	2.69453
0.484	2.69382
0.485	2.69245
0.486	2.69037
0.487	2.68752
0.488	2.68384
0.489	2.67928
0.49	2.6738
0.491	2.66737
0.492	2.65996
0.493	2.65153
0.494	2.64208
0.495	2.63161
0.496	2.62011
0.497	2.6076
0.498	2.59411
0.499	2.57966
0.5	2.56429
0.501	2.54806
0.502	2.53103
0.503	2.51325
0.504	2.4948
0.505	2.47575
0.506	2.45619
0.507	2.43618
0.508	2.41582
0.509	2.39519
0.51	2.37436
0.511	2.35343
0.512	2.33247
0.513	2.31155
0.514	2.29075
0.515	2.27012
0.516	2.24974
0.517	2.22966
0.518	2.20993
0.519	2.1906
0.52	2.1717
0.521	2.15327
0.522	2.13534
0.523	2.11794
0.524	2.10108
0.525	2.08479
0.526	2.06907
0.527	2.05394
0.528	2.03939
0.529	2.02544
0.53	2.01207
0.531	1.99929
0.532	1.98709
0.533	1.97547
0.534	1.96441
0.535	1.95391
0.536	1.94395
0.537	1.93453
0.538	1.92562
0.539	1.91722
0.54	1.90932
0.541	1.90189
0.542	1.89493
0.543	1.88842
0.544	1.88234
0.545	1.87668
0.546	1.87143
0.547	1.86657
0.548	1.86209
0.549	1.85797
0.55	1.85421
0.551	1.85078
0.552	1.84767
0.553	1.84488
0.554	1.84239
0.555	1.84018
0.556	1.83825
0.557	1.83659
0.558	1.83518
0.559	1.83401
0.56	1.83307
0.561	1.83236
0.562	1.83186
0.563	1.83156
0.564	1.83146
0.565	1.83154
0.566	1.8318
0.567	1.83223
0.568	1.83283
0.569	1.83357
0.57	1.83447
0.571	1.8355
0.572	1.83667
0.573	1.83796
0.574	1.83937
0.575	1.8409
0.576	1.84253
0.577	1.84426
0.578	1.8461
0.579	1.84802
0.58	1.85002
0.581	1.85211
0.582	1.85427
0.583	1.8565
0.584	1.8588
0.585	1.86116
0.586	1.86358
0.587	1.86605
0.588	1.86857
0.589	1.87113
0.59	1.87373
0.591	1.87637
0.592	1.87905
0.593	1.88175
0.594	1.88448
0.595	1.88723
0.596	1.89
0.597	1.89278
0.598	1.89559
0.599	1.8984
0.6	1.90121
0.601	1.90403
0.602	1.90686
0.603	1.90968
0.604	1.9125
0.605	1.91531
0.606	1.91811
0.607	1.92091
0.608	1.92369
0.609	1.92645
0.61	1.9292
0.611	1.93193
0.612	1.93464
0.613	1.93733
0.614	1.93999
0.615	1.94262
0.616	1.94523
0.617	1.94781
0.618	1.95036
0.619	1.95288
0.62	1.95537
0.621	1.95782
0.622	1.96024
0.623	1.96263
0.624	1.96498
0.625	1.96729
0.626	1.96957
0.627	1.97182
0.628	1.97403
0.629	1.9762
0.63	1.97834
0.631	1.98045
0.632	1.98252
0.633	1.98455
0.634	1.98656
0.635	1.98854
0.636	1.99049
0.637	1.99241
0.638	1.9943
0.639	1.99617
0.64	1.99802
0.641	1.99985
0.642	2.00166
0.643	2.00346
0.644	2.00525
0.645	2.00703
0.646	2.0088
0.647	2.01057
0.648	2.01234
0.649	2.01412
0.65	2.01591
0.651	2.0177
0.652	2.01952
0.653	2.02135
0.654	2.02321
0.655	2.0251
0.656	2.02703
0.657	2.02898
0.658	2.03098
0.659	2.03303
0.66	2.03512
0.661	2.03727
0.662	2.03947
0.663	2.04173
0.664	2.04405
0.665	2.04644
0.666	2.0489
0.667	2.05142
0.668	2.05402
0.669	2.05668
0.67	2.05942
0.671	2.06223
0.672	2.06512
0.673	2.06807
0.674	2.07109
0.675	2.07418
0.676	2.07733
0.677	2.08054
0.678	2.0838
0.679	2.08711
0.68	2.09045
0.681	2.09383
0.682	2.09723
0.683	2.10064
0.684	2.10404
0.685	2.10743
0.686	2.11077
0.687	2.11405
0.688	2.11706
0.689	2.11975
0.69	2.12215
0.691	2.12425
0.692	2.12606
0.693	2.12758
0.694	2.12882
0.695	2.12977
0.696	2.13043
0.697	2.13081
0.698	2.1309
0.699	2.1307
0.7	2.13021
0.701	2.12943
0.702	2.12836
0.703	2.127
0.704	2.12534
0.705	2.12339
0.706	2.12114
0.707	2.1186
0.708	2.11577
0.709	2.11264
0.71	2.10922
0.711	2.10551
0.712	2.10151
0.713	2.09721
0.714	2.09263
0.715	2.08776
0.716	2.08261
0.717	2.07718
0.718	2.07147
0.719	2.06548
0.72	2.05922
0.721	2.0527
0.722	2.04591
0.723	2.03887
0.724	2.03157
0.725	2.02403
0.726	2.01624
0.727	2.00822
0.728	1.99997
0.729	1.9915
0.73	1.98281
0.731	1.97391
0.732	1.96482
0.733	1.95553
0.734	1.94605
0.735	1.93641
0.736	1.92659
0.737	1.91662
0.738	1.9065
0.739	1.89625
0.74	1.88586
0.741	1.87535
0.742	1.86473
0.743	1.85402
0.744	1.84321
0.745	1.83232
0.746	1.82137
0.747	1.81035
0.748	1.79929
0.749	1.78818
0.75	1.77705
0.751	1.7659
0.752	1.75474
0.753	1.74358
0.754	1.73243
0.755	1.7213
0.756	1.7102
0.757	1.69914
0.758	1.68813
0.759	1.67717
0.76	1.66628
0.761	1.65547
0.762	1.64473
0.763	1.63409
0.764	1.62354
0.765	1.61309
0.766	1.60276
0.767	1.59254
0.768	1.58244
0.769	1.57248
0.77	1.56265
0.771	1.55296
0.772	1.54342
0.773	1.53402
0.774	1.52478
0.775	1.51571
0.776	1.50679
0.777	1.49804
0.778	1.48946
0.779	1.48104
0.78	1.47281
0.781	1.46475
0.782	1.45686
0.783	1.44916
0.784	1.44164
0.785	1.43429
0.786	1.42713
0.787	1.42015
0.788	1.41335
0.789	1.40673
0.79	1.40029
0.791	1.39404
0.792	1.38796
0.793	1.38205
0.794	1.37633
0.795	1.37077
0.796	1.36539
0.797	1.36018
0.798	1.35514
0.799	1.35026
0.8	1.34554
0.801	1.34098
0.802	1.33658
0.803	1.33234
0.804	1.32824
0.805	1.32428
0.806	1.32048
0.807	1.31681
0.808	1.31327
0.809	1.30987
0.81	1.30659
0.811	1.30344
0.812	1.30041
0.813	1.2975
0.814	1.29469
0.815	1.292
0.816	1.2894
0.817	1.28691
0.818	1.28451
0.819	1.2822
0.82	1.27998
0.821	1.27784
0.822	1.27578
0.823	1.27379
0.824	1.27187
0.825	1.27001
0.826	1.26822
0.827	1.26648
0.828	1.2648
0.829	1.26316
0.83	1.26158
0.831	1.26003
0.832	1.25851
0.833	1.25703
0.834	1.25558
0.835	1.25416
0.836	1.25276
0.837	1.25137
0.838	1.25
0.839	1.24864
0.84	1.24729
0.841	1.24595
0.842	1.24461
0.843	1.24326
0.844	1.24191
0.845	1.24056
0.846	1.23919
0.847	1.23781
0.848	1.23642
0.849	1.23501
0.85	1.23358
0.851	1.23212
0.852	1.23064
0.853	1.22914
0.854	1.2276
0.855	1.22604
0.856	1.22444
0.857	1.22281
0.858	1.22114
0.859	1.21944
0.86	1.21769
0.861	1.21591
0.862	1.21408
0.863	1.21222
0.864	1.21031
0.865	1.20835
0.866	1.20635
0.867	1.2043
0.868	1.20221
0.869	1.20007
0.87	1.19788
0.871	1.19565
0.872	1.19336
0.873	1.19103
0.874	1.18864
0.875	1.18621
0.876	1.18373
0.877	1.1812
0.878	1.17862
0.879	1.17599
0.88	1.17332
0.881	1.17059
0.882	1.16782
0.883	1.165
0.884	1.16213
0.885	1.15921
0.886	1.15625
0.887	1.15324
0.888	1.15018
0.889	1.14708
0.89	1.14389
0.891	1.14063
0.892	1.13729
0.893	1.13388
0.894	1.13039
0.895	1.12684
0.896	1.12322
0.897	1.11954
0.898	1.1158
0.899	1.112
0.9	1.10814
0.901	1.10423
0.902	1.10027
0.903	1.09625
0.904	1.09219
0.905	1.08808
0.906	1.08393
0.907	1.07974
0.908	1.0755
0.909	1.07123
0.91	1.06693
0.911	1.06259
0.912	1.05821
0.913	1.05381
0.914	1.04938
0.915	1.04492
0.916	1.04044
0.917	1.03594
0.918	1.03142
0.919	1.02687
0.92	1.02232
0.921	1.01774
0.922	1.01315
0.923	1.00855
0.924	1.00394
0.925	0.99932
0.926	0.9947
0.927	0.99007
0.928	0.98543
0.929	0.9808
0.93	0.97616
0.931	0.97153
0.932	0.96689
0.933	0.96226
0.934	0.95764
0.935	0.95302
0.936	0.94841
0.937	0.94381
0.938	0.93922
0.939	0.93465
0.94	0.93008
0.941	0.92553
0.942	0.921
0.943	0.91648
0.944	0.91198
0.945	0.9075
0.946	0.90304
0.947	0.8986
0.948	0.89418
0.949	0.88979
0.95	0.88542
0.951	0.88107
0.952	0.87675
0.953	0.87246
0.954	0.8682
0.955	0.86396
0.956	0.85976
0.957	0.85558
0.958	0.85144
0.959	0.84732
0.96	0.84324
0.961	0.8392
0.962	0.83518
0.963	0.8312
0.964	0.82726
0.965	0.82335
0.966	0.81948
0.967	0.81565
0.968	0.81185
0.969	0.8081
0.97	0.80438
0.971	0.8007
0.972	0.79706
0.973	0.79346
0.974	0.7899
0.975	0.78638
0.976	0.78291
0.977	0.77947
0.978	0.77608
0.979	0.77273
0.98	0.76943
0.981	0.76617
0.982	0.76295
0.983	0.75978
0.984	0.75665
0.985	0.75356
0.986	0.75052
0.987	0.74753
0.988	0.74458
0.989	0.74168
0.99	0.73883
0.991	0.73602
0.992	0.73325
0.993	0.73054
0.994	0.72787
0.995	0.72525
0.996	0.72267
0.997	0.72015
0.998	0.71767
0.999	0.71524
1	0.71285
1.0025	0.70711
1.005	0.70167
1.0075	0.69653
1.01	0.6917
1.0125	0.68718
1.015	0.68297
1.0175	0.67906
1.02	0.67547
1.0225	0.67219
1.025	0.66922
1.0275	0.66655
1.03	0.6642
1.0325	0.66216
1.035	0.66042
1.0375	0.659
1.04	0.65787
1.0425	0.65705
1.045	0.65653
1.0475	0.65631
1.05	0.65639
1.0525	0.65675
1.055	0.6574
1.0575	0.65833
1.06	0.65953
1.0625	0.661
1.065	0.66274
1.0675	0.66472
1.07	0.66695
1.0725	0.66941
1.075	0.67209
1.0775	0.67499
1.08	0.67807
1.0825	0.68134
1.085	0.68477
1.0875	0.68834
1.09	0.69204
1.0925	0.69586
1.095	0.69976
1.0975	0.70372
1.1	0.70774
1.1025	0.71177
1.105	0.71581
1.1075	0.71982
1.11	0.72379
1.1125	0.7277
1.115	0.73153
1.1175	0.73526
1.12	0.73888
1.1225	0.74239
1.125	0.74578
1.1275	0.74904
1.13	0.75218
1.1325	0.75522
1.135	0.75817
1.1375	0.76104
1.14	0.76387
1.1425	0.76666
1.145	0.76944
1.1475	0.77222
1.15	0.77498
1.1525	0.77769
1.155	0.78026
1.1575	0.78256
1.16	0.78436
1.1625	0.78536
1.165	0.78515
1.1675	0.78319
1.17	0.77886
1.1725	0.77152
1.175	0.76052
1.1775	0.74534
1.18	0.72574
1.1825	0.70175
1.185	0.67378
1.1875	0.64258
1.19	0.60908
1.1925	0.57433
1.195	0.53932
1.1975	0.5049
1.2	0.4717
1.2025	0.44018
1.205	0.41058
1.2075	0.38302
1.21	0.35749
1.2125	0.33392
1.215	0.3122
1.2175	0.29219
1.22	0.27375
1.2225	0.25673
1.225	0.24099
1.2275	0.22643
1.23	0.21291
1.2325	0.20035
1.235	0.18865
1.2375	0.17774
1.24	0.16754
1.2425	0.158
1.245	0.14905
1.2475	0.14065
1.25	0.13276
1.2525	0.12534
1.255	0.11835
1.2575	0.11176
1.26	0.10555
1.2625	0.09968
1.265	0.09414
1.2675	0.08891
1.27	0.08396
1.2725	0.07929
1.275	0.07486
1.2775	0.07067
1.28	0.06671
1.2825	0.06296
1.285	0.05941
1.2875	0.05604
1.29	0.05286
1.2925	0.04984
1.295	0.04699
1.2975	0.04429
1.3	0.04173
1.3025	0.03931
1.305	0.03701
1.3075	0.03482
1.31	0.03273
1.3125	0.03074
1.315	0.02884
1.3175	0.02703
1.32	0.02531
1.3225	0.02367
1.325	0.02211
1.3275	0.02063
1.33	0.01922
1.3325	0.01788
1.335	0.01661
1.3375	0.01541
1.34	0.01427
1.3425	0.01318
1.345	0.01216
1.3475	0.01119
1.35	0.01028
1.3525	0.00942
1.355	0.00861
1.3575	0.00784
1.36	0.00713
1.3625	0.00646
1.365	0.00583
1.3675	0.00524
1.37	0.0047
1.3725	0.00419
1.375	0.00372
1.3775	0.00328
1.38	0.00288
1.3825	0.00252
1.385	0.00219
1.3875	0.00189
1.39	0.00162
1.3925	0.00138
1.395	0.00116
1.3975	9.78728E-4
1.4	8.21069E-4
1.4025	6.89361E-4
1.405	5.82791E-4
1.4075	4.98199E-4
1.41	4.23463E-4
1.4125	3.56894E-4
1.415	2.98381E-4
1.4175	2.47813E-4
1.42	2.05082E-4
1.4225	1.70081E-4
1.425	1.42704E-4
1.4275	1.22847E-4
1.43	1.10409E-4
1.4325	1.03749E-4
1.435	9.76901E-5
1.4375	9.18223E-5
1.44	8.61442E-5
1.4425	8.06553E-5
1.445	7.53547E-5
1.4475	7.02417E-5
1.45	6.53154E-5
1.4525	6.05752E-5
1.455	5.60203E-5
1.4575	5.16498E-5
1.46	4.74629E-5
1.4625	4.3459E-5
1.465	3.96371E-5
1.4675	3.59965E-5
1.47	3.25364E-5
1.4725	2.9256E-5
1.475	2.61545E-5
1.4775	2.32312E-5
1.48	2.0485E-5
1.4825	1.79154E-5
1.485	1.55215E-5
1.4875	1.33026E-5
1.49	1.12577E-5
1.4925	9.38613E-6
1.495	7.6871E-6
1.4975	6.15982E-6
1.5	4.80348E-6
1.5025	3.61731E-6
1.505	2.60051E-6
1.5075	1.75231E-6
1.51	1.07192E-6
1.5125	5.58563E-7
1.515	2.11466E-7
1.5175	2.98551E-8
1.52	0
1.5225	0
1.525	0
1.5275	0
1.53	0
1.5325	0
1.535	0
1.5375	0
1.54	0
1.5425	0
1.545	0
1.5475	0
1.55	0
1.5525	0
1.555	0
1.5575	0
1.56	0
1.5625	0
1.565	0
1.5675	0
1.57	0
1.5725	0
1.575	0
1.5775	0
1.58	0
1.5825	0
1.585	0
1.5875	0
1.59	0
1.5925	0
1.595	0
1.5975	0
1.6	0
1.6025	0
1.605	0
1.6075	0
1.61	0
1.6125	0
1.615	0
1.6175	0
1.62	0
1.6225	0
1.625	0
1.6275	0
1.63	0
1.6325	0
1.635	0
1.6375	0
1.64	0
1.6425	0
1.645	0
1.6475	0
1.65	0
1.6525	0
1.655	0
1.6575	0
1.66	0
1.6625	0
1.665	0
1.6675	0
1.67	0
1.6725	0
1.675	0
1.6775	0
1.68	0
1.6825	0
1.685	0
1.6875	0
1.69	0
