# Wavelength(μm) Transmission
0.29	0.9070363480815569
0.291	0.9069706090831542
0.292	0.9069110623690706
0.293	0.9068587323998372
0.294	0.9068146296021999
0.295	0.9067808322490252
0.296	0.9067591210430328
0.297	0.9067515215166817
0.298	0.906760835515856
0.299	0.9067900951372181
0.3	0.9068441549405547
0.301	0.9069238323292672
0.302	0.9070360128264573
0.303	0.9071869708528361
0.304	0.9073818568308728
0.305	0.9076278583324484
0.306	0.907934694963228
0.307	0.9083119843005516
0.308	0.9087713270072336
0.309	0.9093239593424894
0.31	0.9099890323305285
0.311	0.9107783324993239
0.312	0.9117187518656337
0.313	0.9128206008406392
0.314	0.9141021325735262
0.315	0.9156015172355821
0.316	0.9173348740959881
0.317	0.9193059178789529
0.318	0.9215417341600948
0.319	0.9240308192306752
0.32	0.9268077666594258
0.321	0.929817454180513
0.322	0.9330490343570131
0.323	0.9364568662070253
0.324	0.9399784816446994
0.325	0.9435104440531314
0.326	0.9469983681809776
0.327	0.9503307288428436
0.328	0.9534820255833671
0.329	0.9563304271090561
0.33	0.9588445775444043
0.331	0.9609666834659477
0.332	0.9626918567213137
0.333	0.9640075612144148
0.334	0.9649130238556598
0.335	0.96541660747789
0.336	0.9655457969748388
0.337	0.9653319963658112
0.338	0.9648093594294098
0.339	0.964017388961416
0.34	0.9629994856701443
0.341	0.9618174059711341
0.342	0.9605278020449481
0.343	0.959183964422898
0.344	0.9579134881970386
0.345	0.9567032692741827
0.346	0.9555319270657372
0.347	0.954394403088418
0.348	0.9532994577864783
0.349	0.9522324331112832
0.35	0.9511915754152489
0.351	0.9501863514321494
0.352	0.9492149335961335
0.353	0.9482644184003134
0.354	0.9473336348550213
0.355	0.9464218991311806
0.356	0.9455486306114793
0.357	0.9446815189025985
0.358	0.9438399841474142
0.359	0.9430228282116362
0.36	0.9422196622349449
0.361	0.9414289649932989
0.362	0.9406602088281738
0.363	0.9399024604043726
0.364	0.9391651408958909
0.365	0.9384378630342065
0.366	0.9377290910529145
0.367	0.9370386372974151
0.368	0.9363470685843635
0.369	0.9356818365439722
0.37	0.9350151118160419
0.371	0.9343734987125186
0.372	0.9337388630100937
0.373	0.9331104783775833
0.374	0.9324974976345795
0.375	0.9318905901367618
0.376	0.9312986321984267
0.377	0.9307210457520751
0.378	0.9301492517052293
0.379	0.9295831968315622
0.38	0.9290316458883727
0.381	0.9284944620341622
0.382	0.9279633904305145
0.383	0.9274466828408897
0.384	0.9269365616360318
0.385	0.9264410107378159
0.386	0.9259607401296446
0.387	0.9254876161818756
0.388	0.9250224137438277
0.389	0.9245732157553926
0.39	0.924140711627723
0.391	0.9237174783336243
0.392	0.9233117215373136
0.393	0.922924112806962
0.394	0.922547901647734
0.395	0.9221912036222745
0.396	0.9218477063999174
0.397	0.9215252598484392
0.398	0.9212183905728558
0.399	0.920934275954805
0.4	0.9206739399538721
0.401	0.9204329451567358
0.402	0.9202175761423441
0.403	0.9200290304243738
0.404	0.9198638881797385
0.405	0.9197279566024577
0.406	0.9196188154398243
0.407	0.919541822548452
0.408	0.91949772478949
0.409	0.9194854851681529
0.41	0.9195092094309099
0.411	0.9195700155113115
0.412	0.919667640722918
0.413	0.9198053556752069
0.414	0.9199836697749236
0.415	0.9202046537977496
0.416	0.9204688094569129
0.417	0.9207766405193649
0.418	0.9211313668994323
0.419	0.921531546732843
0.42	0.9219815496523954
0.421	0.9224783960446622
0.422	0.9230216373391942
0.423	0.9236108357435137
0.424	0.9242520833933481
0.425	0.9249388055897662
0.426	0.9256780490494065
0.427	0.9264611753889616
0.428	0.9272862760052989
0.429	0.9281512695290692
0.43	0.9290651154569837
0.431	0.9300150940892777
0.432	0.931010927252234
0.433	0.9320251831032846
0.434	0.9330799261553174
0.435	0.9341742637630635
0.436	0.9352758003819986
0.437	0.9364105293097273
0.438	0.9375759015919103
0.439	0.9387375931791763
0.44	0.93992343195958
0.441	0.9411140156927025
0.442	0.9423061484770975
0.443	0.9435133211584559
0.444	0.9447158435144248
0.445	0.945910369994387
0.446	0.947111500777307
0.447	0.9482822731833298
0.448	0.9494710683479809
0.449	0.9506249461433629
0.45	0.9517756466961481
0.451	0.9528878725636732
0.452	0.9540092787503481
0.453	0.9550895809526658
0.454	0.9561596699589155
0.455	0.9572021888997181
0.456	0.958216679949785
0.457	0.9592023201149793
0.458	0.9601735985299712
0.459	0.9611147294924023
0.46	0.9620398071676655
0.461	0.9629207817861394
0.462	0.9637851647585319
0.463	0.9646190944560123
0.464	0.9654232416596986
0.465	0.9662097910017872
0.466	0.9669552697520016
0.467	0.9676835453389845
0.468	0.9683941460289194
0.469	0.969065701316792
0.47	0.9697205237134522
0.471	0.9703479960482518
0.472	0.9709491461811457
0.473	0.9715338508705501
0.474	0.9720843268281507
0.475	0.9726191058637542
0.476	0.9731298104487162
0.477	0.9736251739756479
0.478	0.974090212950863
0.479	0.9745404662909092
0.48	0.9749693962265088
0.481	0.9753840654426411
0.482	0.9757717238910035
0.483	0.9761460191130304
0.484	0.9765011627627617
0.485	0.9768377847345063
0.486	0.9771565115398144
0.487	0.9774629097531997
0.488	0.9777519330479276
0.489	0.9780245528367328
0.49	0.9782813831926708
0.491	0.9785263653423405
0.492	0.9787527383509136
0.493	0.9789681138876545
0.494	0.9791692390045379
0.495	0.9793593242529477
0.496	0.9795333923804982
0.497	0.9796967336698985
0.498	0.9798475037218207
0.499	0.9799859452304513
0.5	0.9801124719441396
0.501	0.980227494926985
0.502	0.9803327967958542
0.503	0.9804268893658721
0.504	0.9805103495958835
0.505	0.980583237989588
0.506	0.9806468082628542
0.507	0.9807000928640129
0.508	0.9807438301817253
0.509	0.9807782447245371
0.51	0.9808033903633844
0.511	0.9808198273301908
0.512	0.9808272691946522
0.513	0.9808261047225421
0.514	0.9808168877387192
0.515	0.9807996653770213
0.516	0.9807749861910035
0.517	0.9807413922045041
0.518	0.9807021001956505
0.519	0.9806544844309556
0.52	0.9806000870781398
0.521	0.9805392794307132
0.522	0.9804701168533048
0.523	0.9803972661149354
0.524	0.9803164704271693
0.525	0.980230405004916
0.526	0.9801392652396208
0.527	0.9800435722284028
0.528	0.9799404145798868
0.529	0.9798365172148191
0.53	0.9797257055718046
0.531	0.9796117535736415
0.532	0.9794950040093668
0.533	0.979372241047401
0.534	0.9792512436493469
0.535	0.9791250788624924
0.536	0.9790018110053434
0.537	0.9788743676074758
0.538	0.9787472544465873
0.539	0.9786169560284319
0.54	0.9784919392491068
0.541	0.9783651734190332
0.542	0.9782449247631451
0.543	0.9781243414416291
0.544	0.9780076953732314
0.545	0.9778960684105176
0.546	0.9777864382928517
0.547	0.9776866546650879
0.548	0.9775908545431073
0.549	0.977503087219979
0.55	0.9774267459249405
0.551	0.9773545884058776
0.552	0.9772953123231432
0.553	0.9772468246491646
0.554	0.9772082895687494
0.555	0.9771839887108749
0.556	0.9771710614518321
0.557	0.9771720695308563
0.558	0.9771872461618559
0.559	0.9772171310652649
0.56	0.9772622608250747
0.561	0.9773227092730534
0.562	0.9773993153818255
0.563	0.9774919968636225
0.564	0.9776006728046599
0.565	0.9777249592032133
0.566	0.9778646273461687
0.567	0.9780191473149189
0.568	0.9781914775835565
0.569	0.9783783574572187
0.57	0.9785741311723962
0.571	0.9787865983221201
0.572	0.9790105634620465
0.573	0.9792447718536044
0.574	0.9794935306009536
0.575	0.9797447843889671
0.576	0.9800085498250015
0.577	0.9802711727498964
0.578	0.9805437012333457
0.579	0.9808183439274198
0.58	0.9810936040613383
0.581	0.981374233934909
0.582	0.9816458190376027
0.583	0.9819131396906262
0.584	0.9821808008065553
0.585	0.9824406762606411
0.586	0.9826855720036051
0.587	0.9829255697912662
0.588	0.9831530431564816
0.589	0.9833714253073293
0.59	0.9835687318873654
0.591	0.9837485715462368
0.592	0.9839129239967024
0.593	0.9840555831303515
0.594	0.9841725683573945
0.595	0.9842669103492273
0.596	0.9843340676917299
0.597	0.9843719958471858
0.598	0.9843782316890202
0.599	0.9843513432423798
0.6	0.9842868810917593
0.601	0.9841883532877242
0.602	0.9840477437754921
0.603	0.9838677198827085
0.604	0.9836497883672533
0.605	0.9833971651357596
0.606	0.9831154716531811
0.607	0.982813992136423
0.608	0.982496396481642
0.609	0.9822013681246359
0.61	0.9819337322955114
0.611	0.9817329065596088
0.612	0.9816313969178596
0.613	0.9816489710724043
0.614	0.981812059691291
0.615	0.982140113255545
0.616	0.9826101828056173
0.617	0.9832081846800654
0.618	0.9839246284612742
0.619	0.984681255237379
0.62	0.9854849557439097
0.621	0.9862811323789968
0.622	0.987044260045407
0.623	0.9877572688785313
0.624	0.9884109578919619
0.625	0.9890015985555305
0.626	0.9895293817274762
0.627	0.9900110371265595
0.628	0.9904221635127617
0.629	0.9907933547974946
0.63	0.9911163154205217
0.631	0.9913890168823543
0.632	0.991632497543335
0.633	0.9918423262774393
0.634	0.9920223574780563
0.635	0.9921798629518359
0.636	0.9923091740570915
0.637	0.9924172648970467
0.638	0.9925088810434484
0.639	0.9925806793715214
0.64	0.9926386151161039
0.641	0.9926815247212392
0.642	0.9927108366476229
0.643	0.9927276996092949
0.644	0.9927328489593867
0.645	0.9927274220966951
0.646	0.9927117386605886
0.647	0.9926867914363932
0.648	0.9926512765064189
0.649	0.9926091454174941
0.65	0.9925572057974539
0.651	0.9924980524518813
0.652	0.9924352011217545
0.653	0.992364525430265
0.654	0.9922897999805552
0.655	0.9922126432722663
0.656	0.9921349295431887
0.657	0.9920565286710717
0.658	0.991986594271054
0.659	0.9919262776789288
0.66	0.9918792349670147
0.661	0.9918559635055834
0.662	0.9918621528993553
0.663	0.991909646208535
0.664	0.9920100903103541
0.665	0.9921754678659415
0.666	0.9924171846455496
0.667	0.9927451651073014
0.668	0.9931646002973853
0.669	0.9936748042145246
0.67	0.9942661118975389
0.671	0.9949436537982118
0.672	0.9956341051811417
0.673	0.9963537151908466
0.674	0.9970446411716465
0.675	0.9976575465929288
0.676	0.9982180943204544
0.677	0.9986921714728707
0.678	0.9990780943890772
0.679	0.9993801648600998
0.68	0.9996070824513188
0.681	0.9997737202171526
0.682	0.9998799265095544
0.683	0.999942174288602
0.684	0.9999696501034696
0.685	0.9999749592976278
0.686	0.9999789707845788
0.687	0.9999824584516435
0.688	0.9999855524311754
0.689	0.9999881809988576
0.69	0.9999904262216066
0.691	0.9999922684003315
0.692	0.9999937256653391
0.693	0.9999948155604961
0.694	0.9999956517446422
0.695	0.9999964227711255
0.696	0.9999970791500228
0.697	0.9999976768539769
0.698	0.9999981770677696
0.699	0.999998622606279
0.7	0.9999989849846013
0.701	0.9999992968004887
0.702	0.9999995463020324
0.703	0.9999997376278013
0.704	0.9999998743955636
0.705	0.9999999599801032
0.706	0.9999999975541731
0.707	1
0.708	1
0.709	1
0.71	1
0.711	1
0.712	1
0.713	1
0.714	1
0.715	1
0.716	1
0.717	1
0.718	1
0.719	1
0.72	1
0.721	1
0.722	1
0.723	1
0.724	1
0.725	1
0.726	1
0.727	1
0.728	1
0.729	1
0.73	1
0.731	1
0.732	1
0.733	1
0.734	1
0.735	1
0.736	1
0.737	1
0.738	1
0.739	1
0.74	1
0.741	1
0.742	1
0.743	1
0.744	1
0.745	1
0.746	1
0.747	1
0.748	1
0.749	1
0.75	1
0.751	1
0.752	1
0.753	1
0.754	1
0.755	1
0.756	1
0.757	1
0.758	1
0.759	1
0.76	1
0.761	1
0.762	1
0.763	1
0.764	1
0.765	1
0.766	1
0.767	1
0.768	1
0.769	1
0.77	1
0.771	1
0.772	1
0.773	1
0.774	1
0.775	1
0.776	1
0.777	1
0.778	1
0.779	1
0.78	1
0.781	1
0.782	1
0.783	1
0.784	1
0.785	1
0.786	1
0.787	1
0.788	1
0.789	1
0.79	1
0.791	1
0.792	1
0.793	1
0.794	1
0.795	1
0.796	1
0.797	1
0.798	1
0.799	1
0.8	1
0.801	1
0.802	1
0.803	1
0.804	1
0.805	1
0.806	1
0.807	1
0.808	1
0.809	1
0.81	1
0.811	1
0.812	1
0.813	1
0.814	1
0.815	1
0.816	1
0.817	1
0.818	1
0.819	1
0.82	1
0.821	1
0.822	1
0.823	1
0.824	1
0.825	1
0.826	1
0.827	1
0.828	1
0.829	1
0.83	1
0.831	1
0.832	1
0.833	1
0.834	1
0.835	1
0.836	1
0.837	1
0.838	1
0.839	1
0.84	1
0.841	1
0.842	1
0.843	1
0.844	1
0.845	1
0.846	1
0.847	1
0.848	1
0.849	1
0.85	1
0.851	1
0.852	1
0.853	1
0.854	1
0.855	1
0.856	1
0.857	1
0.858	1
0.859	1
0.86	1
0.861	1
0.862	1
0.863	1
0.864	1
0.865	1
0.866	1
0.867	1
0.868	1
0.869	1
0.87	1
0.871	1
0.872	1
0.873	1
0.874	1
0.875	1
0.876	1
0.877	1
0.878	1
0.879	1
0.88	1
0.881	1
0.882	1
0.883	1
0.884	1
0.885	1
0.886	1
0.887	1
0.888	1
0.889	1
0.89	1
0.891	1
0.892	1
0.893	1
0.894	1
0.895	1
0.896	1
0.897	1
0.898	1
0.899	1
0.9	1
0.901	1
0.902	1
0.903	1
0.904	1
0.905	1
0.906	1
0.907	1
0.908	1
0.909	1
0.91	1
0.911	1
0.912	1
0.913	1
0.914	1
0.915	1
0.916	1
0.917	1
0.918	1
0.919	1
0.92	1
0.921	1
0.922	1
0.923	1
0.924	1
0.925	1
0.926	1
0.927	1
0.928	1
0.929	1
0.93	1
0.931	1
0.932	1
0.933	1
0.934	1
0.935	1
0.936	1
0.937	1
0.938	1
0.939	1
0.94	1
0.941	1
0.942	1
0.943	1
0.944	1
0.945	1
0.946	1
0.947	1
0.948	1
0.949	1
0.95	1
0.951	1
0.952	1
0.953	1
0.954	1
0.955	1
0.956	1
0.957	1
0.958	1
0.959	1
0.96	1
0.961	1
0.962	1
0.963	1
0.964	1
0.965	1
0.966	1
0.967	1
0.968	1
0.969	1
0.97	1
0.971	1
0.972	1
0.973	1
0.974	1
0.975	1
0.976	1
0.977	1
0.978	1
0.979	1
0.98	1
0.981	1
0.982	1
0.983	1
0.984	1
0.985	1
0.986	1
0.987	1
0.988	1
0.989	1
0.99	1
0.991	1
0.992	1
0.993	1
0.994	1
0.995	1
0.996	1
0.997	1
0.998	1
0.999	1
1	1
1.001	1
1.002	1
1.003	1
1.004	1
1.005	1
1.006	1
1.007	1
1.008	1
1.009	1
1.01	1
1.011	1
1.012	1
1.013	1
1.014	1
1.015	1
1.016	1
1.017	1
1.018	1
1.019	1
1.02	1
1.021	1
1.022	1
1.023	1
1.024	1
1.025	1
1.026	1
1.027	1
1.028	1
1.029	1
1.03	1
1.031	1
1.032	1
1.033	1
1.034	1
1.035	1
1.036	1
1.037	1
1.038	1
1.039	1
1.04	1
1.041	1
1.042	1
1.043	1
1.044	1
1.045	1
1.046	1
1.047	1
1.048	1
1.049	1
1.05	1
1.051	1
1.052	1
1.053	1
1.054	1
1.055	1
1.056	1
1.057	1
1.058	1
1.059	1
1.06	1
1.061	1
1.062	1
1.063	1
1.064	1
1.065	1
1.066	1
1.067	1
1.068	1
1.069	1
1.07	1
1.071	1
1.072	1
1.073	1
1.074	1
1.075	1
1.076	1
1.077	1
1.078	1
1.079	1
1.08	1
1.081	1
1.082	1
1.083	1
1.084	1
1.085	1
1.086	1
1.087	1
1.088	1
1.089	1
1.09	1
1.091	1
1.092	1
1.093	1
1.094	1
1.095	1
1.096	1
1.097	1
1.098	1
1.099	1
1.1	1
1.101	1
1.102	1
1.103	1
1.104	1
1.105	1
1.106	1
1.107	1
1.108	1
1.109	1
1.11	1
1.111	1
1.112	1
1.113	1
1.114	1
1.115	1
1.116	1
1.117	1
1.118	1
1.119	1
1.12	1
1.121	1
1.122	1
1.123	1
1.124	1
1.125	1
1.126	1
1.127	1
1.128	1
1.129	1
1.13	1
1.131	1
1.132	1
1.133	1
1.134	1
1.135	1
1.136	1
1.137	1
1.138	1
1.139	1
1.14	1
1.141	1
1.142	1
1.143	1
1.144	1
1.145	1
1.146	1
1.147	1
1.148	1
1.149	1
1.15	1
1.151	1
1.152	1
1.153	1
1.154	1
1.155	1
1.156	1
1.157	1
1.158	1
1.159	1
1.16	1
1.161	1
1.162	1
1.163	1
1.164	1
1.165	1
1.166	1
1.167	1
1.168	1
1.169	1
1.17	1
1.171	1
1.172	1
1.173	1
1.174	1
1.175	1
1.176	1
1.177	1
1.178	1
1.179	1
1.18	1
1.181	1
1.182	1
1.183	1
1.184	1
1.185	1
1.186	1
1.187	1
1.188	1
1.189	1
1.19	1
1.191	1
1.192	1
1.193	1
1.194	1
1.195	1
1.196	1
1.197	1
1.198	1
1.199	1
1.2	1
1.201	1
1.202	1
1.203	1
1.204	1
1.205	1
1.206	1
1.207	1
1.208	1
1.209	1
1.21	1
1.211	1
1.212	1
1.213	1
1.214	1
1.215	1
1.216	1
1.217	1
1.218	1
1.219	1
1.22	1
1.221	1
1.222	1
1.223	1
1.224	1
1.225	1
1.226	1
1.227	1
1.228	1
1.229	1
1.23	1
1.231	1
1.232	1
1.233	1
1.234	1
1.235	1
1.236	1
1.237	1
1.238	1
1.239	1
1.24	1
1.241	1
1.242	1
1.243	1
1.244	1
1.245	1
1.246	1
1.247	1
1.248	1
1.249	1
1.25	1
1.251	1
1.252	1
1.253	1
1.254	1
1.255	1
1.256	1
1.257	1
1.258	1
1.259	1
1.26	1
1.261	1
1.262	1
1.263	1
1.264	1
1.265	1
1.266	1
1.267	1
1.268	1
1.269	1
1.27	1
1.271	1
1.272	1
1.273	1
1.274	1
1.275	1
1.276	1
1.277	1
1.278	1
1.279	1
1.28	1
1.281	1
1.282	1
1.283	1
1.284	1
1.285	1
1.286	1
1.287	1
1.288	1
1.289	1
1.29	1
1.291	1
1.292	1
1.293	1
1.294	1
1.295	1
1.296	1
1.297	1
1.298	1
1.299	1
1.3	1
1.301	1
1.302	1
1.303	1
1.304	1
1.305	1
1.306	1
1.307	1
1.308	1
1.309	1
1.31	1
1.311	1
1.312	1
1.313	1
1.314	1
1.315	1
1.316	1
1.317	1
1.318	1
1.319	1
1.32	1
1.321	1
1.322	1
1.323	1
1.324	1
1.325	1
1.326	1
1.327	1
1.328	1
1.329	1
1.33	1
1.331	1
1.332	1
1.333	1
1.334	1
1.335	1
1.336	1
1.337	1
1.338	1
1.339	1
1.34	1
1.341	1
1.342	1
1.343	1
1.344	1
1.345	1
1.346	1
1.347	1
1.348	1
1.349	1
1.35	1
1.351	1
1.352	1
1.353	1
1.354	1
1.355	1
1.356	1
1.357	1
1.358	1
1.359	1
1.36	1
1.361	1
1.362	1
1.363	1
1.364	1
1.365	1
1.366	1
1.367	1
1.368	1
1.369	1
1.37	1
1.371	1
1.372	1
1.373	1
1.374	1
1.375	1
1.376	1
1.377	1
1.378	1
1.379	1
1.38	1
1.381	1
1.382	1
1.383	1
1.384	1
1.385	1
1.386	1
1.387	1
1.388	1
1.389	1
1.39	1
1.391	1
1.392	1
1.393	1
1.394	1
1.395	1
1.396	1
1.397	1
1.398	1
1.399	1
1.4	1
1.401	1
1.402	1
1.403	1
1.404	1
1.405	1
1.406	1
1.407	1
1.408	1
1.409	1
1.41	1
1.411	1
1.412	1
1.413	1
1.414	1
1.415	1
1.416	1
1.417	1
1.418	1
1.419	1
1.42	1
1.421	1
1.422	1
1.423	1
1.424	1
1.425	1
1.426	1
1.427	1
1.428	1
1.429	1
1.43	1
1.431	1
1.432	1
1.433	1
1.434	1
1.435	1
1.436	1
1.437	1
1.438	1
1.439	1
1.44	1
1.441	1
1.442	1
1.443	1
1.444	1
1.445	1
1.446	1
1.447	1
1.448	1
1.449	1
1.45	1
1.451	1
1.452	1
1.453	1
1.454	1
1.455	1
1.456	1
1.457	1
1.458	1
1.459	1
1.46	1
1.461	1
1.462	1
1.463	1
1.464	1
1.465	1
1.466	1
1.467	1
1.468	1
1.469	1
1.47	1
1.471	1
1.472	1
1.473	1
1.474	1
1.475	1
1.476	1
1.477	1
1.478	1
1.479	1
1.48	1
1.481	1
1.482	1
1.483	1
1.484	1
1.485	1
1.486	1
1.487	1
1.488	1
1.489	1
1.49	1
1.491	1
1.492	1
1.493	1
1.494	1
1.495	1
1.496	1
1.497	1
1.498	1
1.499	1
1.5	1
1.501	1
1.502	1
1.503	1
1.504	1
1.505	1
1.506	1
1.507	1
1.508	1
1.509	1
1.51	1
1.511	1
1.512	1
1.513	1
1.514	1
1.515	1
1.516	1
1.517	1
1.518	1
1.519	1
1.52	1
1.521	1
1.522	1
1.523	1
1.524	1
1.525	1
1.526	1
1.527	1
1.528	1
1.529	1
1.53	1
1.531	1
1.532	1
1.533	1
1.534	1
1.535	1
1.536	1
1.537	1
1.538	1
1.539	1
1.54	1
1.541	1
1.542	1
1.543	1
1.544	1
1.545	1
1.546	1
1.547	1
1.548	1
1.549	1
1.55	1
1.551	1
1.552	1
1.553	1
1.554	1
1.555	1
1.556	1
1.557	1
1.558	1
1.559	1
1.56	1
1.561	1
1.562	1
1.563	1
1.564	1
1.565	1
1.566	1
1.567	1
1.568	1
1.569	1
1.57	1
1.571	1
1.572	1
1.573	1
1.574	1
1.575	1
1.576	1
1.577	1
1.578	1
1.579	1
1.58	1
1.581	1
1.582	1
1.583	1
1.584	1
1.585	1
1.586	1
1.587	1
1.588	1
1.589	1
1.59	1
1.591	1
1.592	1
1.593	1
1.594	1
1.595	1
1.596	1
1.597	1
1.598	1
1.599	1
1.6	1
1.601	1
1.602	1
1.603	1
1.604	1
1.605	1
1.606	1
1.607	1
1.608	1
1.609	1
1.61	1
1.611	1
1.612	1
1.613	1
1.614	1
1.615	1
1.616	1
1.617	1
1.618	1
1.619	1
1.62	1
1.621	1
1.622	1
1.623	1
1.624	1
1.625	1
1.626	1
1.627	1
1.628	1
1.629	1
1.63	1
1.631	1
1.632	1
1.633	1
1.634	1
1.635	1
1.636	1
1.637	1
1.638	1
1.639	1
1.64	1
1.641	1
1.642	1
1.643	1
1.644	1
1.645	1
1.646	1
1.647	1
1.648	1
1.649	1
1.65	1
1.651	1
1.652	1
1.653	1
1.654	1
1.655	1
1.656	1
1.657	1
1.658	1
1.659	1
1.66	1
1.661	1
1.662	1
1.663	1
1.664	1
1.665	1
1.666	1
1.667	1
1.668	1
1.669	1
1.67	1
1.671	1
1.672	1
1.673	1
1.674	1
1.675	1
1.676	1
1.677	1
1.678	1
1.679	1
1.68	1
1.681	1
1.682	1
1.683	1
1.684	1
1.685	1
1.686	1
1.687	1
1.688	1
1.689	1
1.69	1
1.691	1
1.692	1
1.693	1
1.694	1
1.695	1
1.696	1
1.697	1
1.698	1
1.699	1
1.7	1
1.701	1
1.702	1
1.703	1
1.704	1
1.705	1
1.706	1
1.707	1
1.708	1
1.709	1
1.71	1
1.711	1
1.712	1
1.713	1
1.714	1
1.715	1
1.716	1
1.717	1
1.718	1
1.719	1
1.72	1
1.721	1
1.722	1
1.723	1
1.724	1
1.725	1
1.726	1
1.727	1
1.728	1
1.729	1
1.73	1
1.731	1
1.732	1
1.733	1
1.734	1
1.735	1
1.736	1
1.737	1
1.738	1
1.739	1
1.74	1
1.741	1
1.742	1
1.743	1
1.744	1
1.745	1
1.746	1
1.747	1
1.748	1
1.749	1
1.75	1
1.751	1
1.752	1
1.753	1
1.754	1
1.755	1
1.756	1
1.757	1
1.758	1
1.759	1
1.76	1
1.761	1
1.762	1
1.763	1
1.764	1
1.765	1
1.766	1
1.767	1
1.768	1
1.769	1
1.77	1
1.771	1
1.772	1
1.773	1
1.774	1
1.775	1
1.776	1
1.777	1
1.778	1
1.779	1
1.78	1
1.781	1
1.782	1
1.783	1
1.784	1
1.785	1
1.786	1
1.787	1
1.788	1
1.789	1
1.79	1
1.791	1
1.792	1
1.793	1
1.794	1
1.795	1
1.796	1
1.797	1
1.798	1
1.799	1
1.8	1
1.801	1
1.802	1
1.803	1
1.804	1
1.805	1
1.806	1
1.807	1
1.808	1
1.809	1
1.81	1
1.811	1
1.812	1
1.813	1
1.814	1
1.815	1
1.816	1
1.817	1
1.818	1
1.819	1
1.82	1
1.821	1
1.822	1
1.823	1
1.824	1
1.825	1
1.826	1
1.827	1
1.828	1
1.829	1
1.83	1
1.831	1
1.832	1
1.833	1
1.834	1
1.835	1
1.836	1
1.837	1
1.838	1
1.839	1
1.84	1
1.841	1
1.842	1
1.843	1
1.844	1
1.845	1
1.846	1
1.847	1
1.848	1
1.849	1
1.85	1
1.851	1
1.852	1
1.853	1
1.854	1
1.855	1
1.856	1
1.857	1
1.858	1
1.859	1
1.86	1
1.861	1
1.862	1
1.863	1
1.864	1
1.865	1
1.866	1
1.867	1
1.868	1
1.869	1
1.87	1
1.871	1
1.872	1
1.873	1
1.874	1
1.875	1
1.876	1
1.877	1
1.878	1
1.879	1
1.88	1
1.881	1
1.882	1
1.883	1
1.884	1
1.885	1
1.886	1
1.887	1
1.888	1
1.889	1
1.89	1
1.891	1
1.892	1
1.893	1
1.894	1
1.895	1
1.896	1
1.897	1
1.898	1
1.899	1
1.9	1
1.901	1
1.902	1
1.903	1
1.904	1
1.905	1
1.906	1
1.907	1
1.908	1
1.909	1
1.91	1
1.911	1
1.912	1
1.913	1
1.914	1
1.915	1
1.916	1
1.917	1
1.918	1
1.919	1
1.92	1
1.921	1
1.922	1
1.923	1
1.924	1
1.925	1
1.926	1
1.927	1
1.928	1
1.929	1
1.93	1
1.931	1
1.932	1
1.933	1
1.934	1
1.935	1
1.936	1
1.937	1
1.938	1
1.939	1
1.94	1
1.941	1
1.942	1
1.943	1
1.944	1
1.945	1
1.946	1
1.947	1
1.948	1
1.949	1
1.95	1
1.951	1
1.952	1
1.953	1
1.954	1
1.955	1
1.956	1
1.957	1
1.958	1
1.959	1
1.96	1
1.961	1
1.962	1
1.963	1
1.964	1
1.965	1
1.966	1
1.967	1
1.968	1
1.969	1
1.97	1
1.971	1
1.972	1
1.973	1
1.974	1
1.975	1
1.976	1
1.977	1
1.978	1
1.979	1
1.98	1
1.981	1
1.982	1
1.983	1
1.984	1
1.985	1
1.986	1
1.987	1
1.988	1
1.989	1
1.99	1
1.991	1
1.992	1
1.993	1
1.994	1
1.995	1
1.996	1
1.997	1
1.998	1
1.999	1
2	1
2.001	1
2.002	1
2.003	1
2.004	1
2.005	1
2.006	1
2.007	1
2.008	1
2.009	1
2.01	1
2.011	1
2.012	1
2.013	1
2.014	1
2.015	1
2.016	1
2.017	1
2.018	1
2.019	1
2.02	1
2.021	1
2.022	1
2.023	1
2.024	1
2.025	1
2.026	1
2.027	1
2.028	1
2.029	1
2.03	1
2.031	1
2.032	1
2.033	1
2.034	1
2.035	1
2.036	1
2.037	1
2.038	1
2.039	1
2.04	1
2.041	1
2.042	1
2.043	1
2.044	1
2.045	1
2.046	1
2.047	1
2.048	1
2.049	1
2.05	1
2.051	1
2.052	1
2.053	1
2.054	1
2.055	1
2.056	1
2.057	1
2.058	1
2.059	1
2.06	1
2.061	1
2.062	1
2.063	1
2.064	1
2.065	1
2.066	1
2.067	1
2.068	1
2.069	1
2.07	1
2.071	1
2.072	1
2.073	1
2.074	1
2.075	1
2.076	1
2.077	1
2.078	1
2.079	1
2.08	1
2.081	1
2.082	1
2.083	1
2.084	1
2.085	1
2.086	1
2.087	1
2.088	1
2.089	1
2.09	1
2.091	1
2.092	1
2.093	1
2.094	1
2.095	1
2.096	1
2.097	1
2.098	1
2.099	1
2.1	1
2.101	1
2.102	1
2.103	1
2.104	1
2.105	1
2.106	1
2.107	1
2.108	1
2.109	1
2.11	1
2.111	1
2.112	1
2.113	1
2.114	1
2.115	1
2.116	1
2.117	1
2.118	1
2.119	1
2.12	1
2.121	1
2.122	1
2.123	1
2.124	1
2.125	1
2.126	1
2.127	1
2.128	1
2.129	1
2.13	1
2.131	1
2.132	1
2.133	1
2.134	1
2.135	1
2.136	1
2.137	1
2.138	1
2.139	1
2.14	1
2.141	1
2.142	1
2.143	1
2.144	1
2.145	1
2.146	1
2.147	1
2.148	1
2.149	1
2.15	1
2.151	1
2.152	1
2.153	1
2.154	1
2.155	1
2.156	1
2.157	1
2.158	1
2.159	1
2.16	1
2.161	1
2.162	1
2.163	1
2.164	1
2.165	1
2.166	1
2.167	1
2.168	1
2.169	1
2.17	1
2.171	1
2.172	1
2.173	1
2.174	1
2.175	1
2.176	1
2.177	1
2.178	1
2.179	1
2.18	1
2.181	1
2.182	1
2.183	1
2.184	1
2.185	1
2.186	1
2.187	1
2.188	1
2.189	1
2.19	1
2.191	1
2.192	1
2.193	1
2.194	1
2.195	1
2.196	1
2.197	1
2.198	1
2.199	1
2.2	1
2.201	1
2.202	1
2.203	1
2.204	1
2.205	1
2.206	1
2.207	1
2.208	1
2.209	1
2.21	1
2.211	1
2.212	1
2.213	1
2.214	1
2.215	1
2.216	1
2.217	1
2.218	1
2.219	1
2.22	1
2.221	1
2.222	1
2.223	1
2.224	1
2.225	1
2.226	1
2.227	1
2.228	1
2.229	1
2.23	1
2.231	1
2.232	1
2.233	1
2.234	1
2.235	1
2.236	1
2.237	1
2.238	1
2.239	1
2.24	1
2.241	1
2.242	1
2.243	1
2.244	1
2.245	1
2.246	1
2.247	1
2.248	1
2.249	1
2.25	1
2.251	1
2.252	1
2.253	1
2.254	1
2.255	1
2.256	1
2.257	1
2.258	1
2.259	1
2.26	1
2.261	1
2.262	1
2.263	1
2.264	1
2.265	1
2.266	1
2.267	1
2.268	1
2.269	1
2.27	1
2.271	1
2.272	1
2.273	1
2.274	1
2.275	1
2.276	1
2.277	1
2.278	1
2.279	1
2.28	1
2.281	1
2.282	1
2.283	1
2.284	1
2.285	1
2.286	1
2.287	1
2.288	1
2.289	1
2.29	1
2.291	1
2.292	1
2.293	1
2.294	1
2.295	1
2.296	1
2.297	1
2.298	1
2.299	1
2.3	1
2.301	1
2.302	1
2.303	1
2.304	1
2.305	1
2.306	1
2.307	1
2.308	1
2.309	1
2.31	1
2.311	1
2.312	1
2.313	1
2.314	1
2.315	1
2.316	1
2.317	1
2.318	1
2.319	1
2.32	1
2.321	1
2.322	1
2.323	1
2.324	1
2.325	1
2.326	1
2.327	1
2.328	1
2.329	1
2.33	1
2.331	1
2.332	1
2.333	1
2.334	1
2.335	1
2.336	1
2.337	1
2.338	1
2.339	1
2.34	1
2.341	1
2.342	1
2.343	1
2.344	1
2.345	1
2.346	1
2.347	1
2.348	1
2.349	1
2.35	1
2.351	1
2.352	1
2.353	1
2.354	1
2.355	1
2.356	1
2.357	1
2.358	1
2.359	1
2.36	1
2.361	1
2.362	1
2.363	1
2.364	1
2.365	1
2.366	1
2.367	1
2.368	1
2.369	1
2.37	1
2.371	1
2.372	1
2.373	1
2.374	1
2.375	1
2.376	1
2.377	1
2.378	1
2.379	1
2.38	1
2.381	1
2.382	1
2.383	1
2.384	1
2.385	1
2.386	1
2.387	1
2.388	1
2.389	1
2.39	1
2.391	1
2.392	1
2.393	1
2.394	1
2.395	1
2.396	1
2.397	1
2.398	1
2.399	1
2.4	1
2.401	1
2.402	1
2.403	1
2.404	1
2.405	1
2.406	1
2.407	1
2.408	1
2.409	1
2.41	1
2.411	1
2.412	1
2.413	1
2.414	1
2.415	1
2.416	1
2.417	1
2.418	1
2.419	1
2.42	1
2.421	1
2.422	1
2.423	1
2.424	1
2.425	1
2.426	1
2.427	1
2.428	1
2.429	1
2.43	1
2.431	1
2.432	1
2.433	1
2.434	1
2.435	1
2.436	1
2.437	1
2.438	1
2.439	1
2.44	1
2.441	1
2.442	1
2.443	1
2.444	1
2.445	1
2.446	1
2.447	1
2.448	1
2.449	1
2.45	1
2.451	1
2.452	1
2.453	1
2.454	1
2.455	1
2.456	1
2.457	1
2.458	1
2.459	1
2.46	1
2.461	1
2.462	1
2.463	1
2.464	1
2.465	1
2.466	1
2.467	1
2.468	1
2.469	1
2.47	1
2.471	1
2.472	1
2.473	1
2.474	1
2.475	1
2.476	1
2.477	1
2.478	1
2.479	1
2.48	1
2.481	1
2.482	1
2.483	1
2.484	1
2.485	1
2.486	1
2.487	1
2.488	1
2.489	1
2.49	1
2.491	1
2.492	1
2.493	1
2.494	1
2.495	1
2.496	1
2.497	1
2.498	1
2.499	1
2.5	1
2.501	1
2.502	1
2.503	1
2.504	1
2.505	1
2.506	1
2.507	1
2.508	1
2.509	1
2.51	1
2.511	1
2.512	1
2.513	1
2.514	1
2.515	1
2.516	1
2.517	1
2.518	1
2.519	1
2.52	1
2.521	1
2.522	1
2.523	1
2.524	1
2.525	1
2.526	1
2.527	1
2.528	1
2.529	1
2.53	1
2.531	1
2.532	1
2.533	1
2.534	1
2.535	1
2.536	1
2.537	1
2.538	1
2.539	1
2.54	1
2.541	1
2.542	1
2.543	1
2.544	1
2.545	1
2.546	1
2.547	1
2.548	1
2.549	1
2.55	1
2.551	1
2.552	1
2.553	1
2.554	1
2.555	1
2.556	1
2.557	1
2.558	1
2.559	1
2.56	1
2.561	1
2.562	1
2.563	1
2.564	1
2.565	1
2.566	1
2.567	1
2.568	1
2.569	1
2.57	1
2.571	1
2.572	1
2.573	1
2.574	1
2.575	1
2.576	1
2.577	1
2.578	1
2.579	1
2.58	1
2.581	1
2.582	1
2.583	1
2.584	1
2.585	1
2.586	1
2.587	1
2.588	1
2.589	1
2.59	1
2.591	1
2.592	1
2.593	1
2.594	1
2.595	1
2.596	1
2.597	1
2.598	1
2.599	1
2.6	1
2.601	1
2.602	1
2.603	1
2.604	1
2.605	1
2.606	1
2.607	1
2.608	1
2.609	1
2.61	1
2.611	1
2.612	1
2.613	1
2.614	1
2.615	1
2.616	1
2.617	1
2.618	1
2.619	1
2.62	1
2.621	1
2.622	1
2.623	1
2.624	1
2.625	1
2.626	1
2.627	1
2.628	1
2.629	1
2.63	1
2.631	1
2.632	1
2.633	1
2.634	1
2.635	1
2.636	1
2.637	1
2.638	1
2.639	1
2.64	1
2.641	1
2.642	1
2.643	1
2.644	1
2.645	1
2.646	1
2.647	1
2.648	1
2.649	1
2.65	1
2.651	1
2.652	1
2.653	1
2.654	1
2.655	1
2.656	1
2.657	1
2.658	1
2.659	1
2.66	1
2.661	1
2.662	1
2.663	1
2.664	1
2.665	1
2.666	1
2.667	1
2.668	1
2.669	1
2.67	1
2.671	1
2.672	1
2.673	1
2.674	1
2.675	1
2.676	1
2.677	1
2.678	1
2.679	1
2.68	1
2.681	1
2.682	1
2.683	1
2.684	1
2.685	1
2.686	1
2.687	1
2.688	1
2.689	1
2.69	1
2.691	1
2.692	1
2.693	1
2.694	1
2.695	1
2.696	1
2.697	1
2.698	1
2.699	1
2.7	1
2.701	1
2.702	1
2.703	1
2.704	1
2.705	1
2.706	1
2.707	1
2.708	1
2.709	1
2.71	1
2.711	1
2.712	1
2.713	1
2.714	1
2.715	1
2.716	1
2.717	1
2.718	1
2.719	1
2.72	1
2.721	1
2.722	1
2.723	1
2.724	1
2.725	1
2.726	1
2.727	1
2.728	1
2.729	1
2.73	1
2.731	1
2.732	1
2.733	1
2.734	1
2.735	1
2.736	1
2.737	1
2.738	1
2.739	1
2.74	1
2.741	1
2.742	1
2.743	1
2.744	1
2.745	1
2.746	1
2.747	1
2.748	1
2.749	1
2.75	1
2.751	1
2.752	1
2.753	1
2.754	1
2.755	1
2.756	1
2.757	1
2.758	1
2.759	1
2.76	1
2.761	1
2.762	1
2.763	1
2.764	1
2.765	1
2.766	1
2.767	1
2.768	1
2.769	1
2.77	1
2.771	1
2.772	1
2.773	1
2.774	1
2.775	1
2.776	1
2.777	1
2.778	1
2.779	1
2.78	1
2.781	1
2.782	1
2.783	1
2.784	1
2.785	1
2.786	1
2.787	1
2.788	1
2.789	1
2.79	1
2.791	1
2.792	1
2.793	1
2.794	1
2.795	1
2.796	1
2.797	1
2.798	1
2.799	1
2.8	1
2.801	1
2.802	1
2.803	1
2.804	1
2.805	1
2.806	1
2.807	1
2.808	1
2.809	1
2.81	1
2.811	1
2.812	1
2.813	1
2.814	1
2.815	1
2.816	1
2.817	1
2.818	1
2.819	1
2.82	1
2.821	1
2.822	1
2.823	1
2.824	1
2.825	1
2.826	1
2.827	1
2.828	1
2.829	1
2.83	1
2.831	1
2.832	1
2.833	1
2.834	1
2.835	1
2.836	1
2.837	1
2.838	1
2.839	1
2.84	1
2.841	1
2.842	1
2.843	1
2.844	1
2.845	1
2.846	1
2.847	1
2.848	1
2.849	1
2.85	1
2.851	1
2.852	1
2.853	1
2.854	1
2.855	1
2.856	1
2.857	1
2.858	1
2.859	1
2.86	1
2.861	1
2.862	1
2.863	1
2.864	1
2.865	1
2.866	1
2.867	1
2.868	1
2.869	1
2.87	1
2.871	1
2.872	1
2.873	1
2.874	1
2.875	1
2.876	1
2.877	1
2.878	1
2.879	1
2.88	1
2.881	1
2.882	1
2.883	1
2.884	1
2.885	1
2.886	1
2.887	1
2.888	1
2.889	1
2.89	1
2.891	1
2.892	1
2.893	1
2.894	1
2.895	1
2.896	1
2.897	1
2.898	1
2.899	1
2.9	1
2.901	1
2.902	1
2.903	1
2.904	1
2.905	1
2.906	1
2.907	1
2.908	1
2.909	1
2.91	1
2.911	1
2.912	1
2.913	1
2.914	1
2.915	1
2.916	1
2.917	1
2.918	1
2.919	1
2.92	1
2.921	1
2.922	1
2.923	1
2.924	1
2.925	1
2.926	1
2.927	1
2.928	1
2.929	1
2.93	1
2.931	1
2.932	1
2.933	1
2.934	1
2.935	1
2.936	1
2.937	1
2.938	1
2.939	1
2.94	1
2.941	1
2.942	1
2.943	1
2.944	1
2.945	1
2.946	1
2.947	1
2.948	1
2.949	1
2.95	1
2.951	1
2.952	1
2.953	1
2.954	1
2.955	1
2.956	1
2.957	1
2.958	1
2.959	1
2.96	1
2.961	1
2.962	1
2.963	1
2.964	1
2.965	1
2.966	1
2.967	1
2.968	1
2.969	1
2.97	1
2.971	1
2.972	1
2.973	1
2.974	1
2.975	1
2.976	1
2.977	1
2.978	1
2.979	1
2.98	1
2.981	1
2.982	1
2.983	1
2.984	1
2.985	1
2.986	1
2.987	1
2.988	1
2.989	1
2.99	1
2.991	1
2.992	1
2.993	1
2.994	1
2.995	1
2.996	1
2.997	1
2.998	1
2.999	1
3	1
3.001	1
3.002	1
3.003	1
3.004	1
3.005	1
3.006	1
3.007	1
3.008	1
3.009	1
3.01	1
3.011	1
3.012	1
3.013	1
3.014	1
3.015	1
3.016	1
3.017	1
3.018	1
3.019	1
3.02	1
3.021	1
3.022	1
3.023	1
3.024	1
3.025	1
3.026	1
3.027	1
3.028	1
3.029	1
3.03	1
3.031	1
3.032	1
3.033	1
3.034	1
3.035	1
3.036	1
3.037	1
3.038	1
3.039	1
3.04	1
3.041	1
3.042	1
3.043	1
3.044	1
3.045	1
3.046	1
3.047	1
3.048	1
3.049	1
3.05	1
3.051	1
3.052	1
3.053	1
3.054	1
3.055	1
3.056	1
3.057	1
3.058	1
3.059	1
3.06	1
3.061	1
3.062	1
3.063	1
3.064	1
3.065	1
3.066	1
3.067	1
3.068	1
3.069	1
3.07	1
3.071	1
3.072	1
3.073	1
3.074	1
3.075	1
3.076	1
3.077	1
3.078	1
3.079	1
3.08	1
3.081	1
3.082	1
3.083	1
3.084	1
3.085	1
3.086	1
3.087	1
3.088	1
3.089	1
3.09	1
3.091	1
3.092	1
3.093	1
3.094	1
3.095	1
3.096	1
3.097	1
3.098	1
3.099	1
3.1	1
3.101	1
3.102	1
3.103	1
3.104	1
3.105	1
3.106	1
3.107	1
3.108	1
3.109	1
3.11	1
3.111	1
3.112	1
3.113	1
3.114	1
3.115	1
3.116	1
3.117	1
3.118	1
3.119	1
3.12	1
3.121	1
3.122	1
3.123	1
3.124	1
3.125	1
3.126	1
3.127	1
3.128	1
3.129	1
3.13	1
3.131	1
3.132	1
3.133	1
3.134	1
3.135	1
3.136	1
3.137	1
3.138	1
3.139	1
3.14	1
3.141	1
3.142	1
3.143	1
3.144	1
3.145	1
3.146	1
3.147	1
3.148	1
3.149	1
3.15	1
3.151	1
3.152	1
3.153	1
3.154	1
3.155	1
3.156	1
3.157	1
3.158	1
3.159	1
3.16	1
3.161	1
3.162	1
3.163	1
3.164	1
3.165	1
3.166	1
3.167	1
3.168	1
3.169	1
3.17	1
3.171	1
3.172	1
3.173	1
3.174	1
3.175	1
3.176	1
3.177	1
3.178	1
3.179	1
3.18	1
3.181	1
3.182	1
3.183	1
3.184	1
3.185	1
3.186	1
3.187	1
3.188	1
3.189	1
3.19	1
3.191	1
3.192	1
3.193	1
3.194	1
3.195	1
3.196	1
3.197	1
3.198	1
3.199	1
3.2	1
3.201	1
3.202	1
3.203	1
3.204	1
3.205	1
3.206	1
3.207	1
3.208	1
3.209	1
3.21	1
3.211	1
3.212	1
3.213	1
3.214	1
3.215	1
3.216	1
3.217	1
3.218	1
3.219	1
3.22	1
3.221	1
3.222	1
3.223	1
3.224	1
3.225	1
3.226	1
3.227	1
3.228	1
3.229	1
3.23	1
3.231	1
3.232	1
3.233	1
3.234	1
3.235	1
3.236	1
3.237	1
3.238	1
3.239	1
3.24	1
3.241	1
3.242	1
3.243	1
3.244	1
3.245	1
3.246	1
3.247	1
3.248	1
3.249	1
3.25	1
3.251	1
3.252	1
3.253	1
3.254	1
3.255	1
3.256	1
3.257	1
3.258	1
3.259	1
3.26	1
3.261	1
3.262	1
3.263	1
3.264	1
3.265	1
3.266	1
3.267	1
3.268	1
3.269	1
3.27	1
3.271	1
3.272	1
3.273	1
3.274	1
3.275	1
3.276	1
3.277	1
3.278	1
3.279	1
3.28	1
3.281	1
3.282	1
3.283	1
3.284	1
3.285	1
3.286	1
3.287	1
3.288	1
3.289	1
3.29	1
3.291	1
3.292	1
3.293	1
3.294	1
3.295	1
3.296	1
3.297	1
3.298	1
3.299	1
3.3	1
